6600
8519
5062
7241
2852
7643
812
6135
2178
7730
5870
1279
9819
4336
187
325
6673
9854
1517
5640
2845
1623
2925
1048
7518
7167
9644
155
9708
7611
5212
7178
2750
5789
7438
3316
4596
3928
7816
1157
8303
3456
3699
5840
5137
9132
9159
2721
8495
5297
6332
4785
7595
8649
9479
1217
5589
520
7607
9882
80
5574
6756
4904
4525
4516
968
2552
9310
5060
5066
3470
5626
1550
6834
9886
4285
7309
4737
8641
9287
9881
1050
9597
5493
9333
5631
5887
7161
2827
348
3624
7955
3918
7213
6022
3417
1920
77
2974
1904
7061
9641
1948
3288
1512
9276
6153
2725
7391
3079
4756
6476
3300
9091
2644
7989
1602
7333
2819
9211
9546
8108
1815
7912
309
9877
2487
8380
2043
4213
4183
4384
8976
7206
3579
1086
7694
7993
3086
6839
6261
2346
9244
7744
3008
2385
146
3722
6558
452
5441
8437
2445
2213
5272
1622
3312
5393
9498
3775
2309
9960
6155
4220
4770
7034
9522
5849
6048
1389
5782
2992
3120
1276
1980
8292
8653
4186
6562
3613
2441
8610
8647
6266
3890
9375
5241
6119
4938
1101
7443
6403
6674
4619
7556
2205
2411
8604
2736
8454
9369
6758
3668
7373
1349
2417
6867
2055
4296
5488
5704
8801
3679
1570
7843
5781
9801
5152
3651
3415
8457
9152
1862
4359
2788
3206
7915
2628
150
3558
4236
3816
9907
9023
4902
4517
2104
1140
1684
6868
375
2540
3294
1908
1680
6183
2414
6034
4566
5486
6353
834
2936
2534
9346
2812
8858
3240
4554
1159
8525
9029
5125
116
370
6279
8783
5150
1422
8504
739
7421
5286
6123
549
6820
6656
3311
9942
3480
2858
7749
2905
561
664
6675
6191
5421
8938
6620
5886
573
9157
6126
4216
9899
2595
8624
6748
4474
4458
8600
8768
8685
9167
6506
5796
5628
3388
7473
7282
9165
5193
3835
1538
7675
7325
3923
9403
328
8403
317
3957
4929
6331
2924
7631
7707
8326
8664
8159
9621
219
1485
5383
8507
1762
5916
6905
7037
8926
3102
2011
5620
5846
5277
8753
9930
580
5982
1127
6007
2
86
8088
7583
5764
8662
4724
8810
9983
4713
4130
4975
8611
2086
972
9423
9156
6507
8911
8164
3248
6869
5520
2001
4419
4937
4036
9962
9609
9630
2932
932
5986
8999
612
6292
5673
9468
1952
7392
18
2634
2543
4945
7343
4863
9485
5682
4943
22
5323
6887
307
459
1394
5227
982
1348
3479
6187
7156
2016
3995
4012
6171
7873
2509
3739
8500
7401
5672
3626
6603
3696
7475
3357
7883
9964
6818
7570
6948
9107
7299
2926
194
3361
6648
4774
56
8563
436
587
6917
4997
461
2176
8101
8598
2625
2829
2319
5140
2012
6033
6449
469
8334
698
8211
4638
9667
3508
8170
1744
742
1846
423
6167
8755
9945
3010
9117
4511
8915
7890
7824
3213
6367
529
283
2538
2652
5161
9435
2249
677
2769
6319
6092
3831
1812
809
46
9134
2080
5501
3386
4592
1743
3737
3952
5857
9989
8865
8970
4219
1185
9519
8897
1031
1868
9569
1814
6434
9067
5856
2854
8441
6196
4990
4395
859
8287
7026
1416
4563
709
1038
7944
5755
3710
7884
1043
7450
7446
1764
4741
8534
675
7386
5176
2122
9536
5783
2603
5696
1506
9082
1369
2396
6437
3611
1074
2287
8273
7466
1119
1771
6505
79
2833
619
1022
9476
1991
1619
176
2938
4410
2532
5408
5003
2053
3400
9745
7302
7433
9684
2308
129
2500
1156
872
9337
4549
9548
551
1077
1281
2675
7182
9996
1795
8605
3734
2332
4476
9518
5892
3466
6828
9658
9444
6840
5158
7886
9378
5602
381
6945
9065
3590
3337
4577
5327
2998
585
5039
8235
1034
2636
8301
8785
1012
1793
3024
2746
2499
5865
4655
3523
1760
5646
4342
1841
5348
6210
8202
7498
2046
8542
3057
9792
6705
1263
3044
43
5828
3818
6333
5815
2586
1854
7992
8539
4095
3906
5264
4025
2785
9467
3913
8672
5340
5069
6424
1318
7697
9623
4960
7220
3296
6563
5895
536
6170
9249
6644
4470
3156
3735
9383
7378
6124
6553
2765
8440
6284
9713
1316
1946
1981
3519
7292
1898
5100
3178
9447
3379
945
3359
5082
1641
8452
815
9095
4117
7449
9975
306
2363
1606
6185
8516
5296
3467
5816
5940
7901
6595
6883
8987
5637
2322
6941
8231
1186
5644
6870
2517
2124
5723
8325
2492
8070
5833
6241
2899
5163
357
2607
480
1335
3763
3601
4253
7853
3034
5676
8719
2798
9209
2329
9582
2893
6004
4481
4649
185
5240
7702
6369
7360
7769
8476
9694
7072
227
8338
4602
4365
4857
9839
7379
6406
8362
1831
1678
5283
5174
117
9809
7176
8658
7124
6974
4056
1051
1345
4955
618
4283
2413
6396
2507
8659
3686
9235
5929
3947
740
169
3552
5405
7960
6789
5178
7469
821
5992
1835
4806
2810
1244
5914
4798
5512
2384
6068
2025
1093
8305
5842
2253
5489
6163
6813
4631
3536
3602
7600
7999
1720
8581
8056
1386
6060
7231
4562
2574
9359
3497
8700
6660
100
2851
2940
9248
7123
4082
3382
905
2132
3368
667
8031
7227
9185
1733
2495
3371
6901
5773
6280
2280
6247
3458
6894
6544
649
2167
8592
5222
9576
912
651
4513
7281
3154
643
9074
8360
7764
6786
4319
1142
3263
1830
6850
7027
4367
7735
9734
4605
6965
8201
5189
7963
8223
6144
2646
3996
6517
1384
4906
8076
9587
6735
654
751
2878
4693
7060
6112
3570
5143
2333
5645
8206
6425
3012
208
8579
2244
666
494
679
9089
1776
2457
7388
3504
1289
4547
3671
128
4115
2243
9672
6064
6546
5084
1278
4666
9049
9696
4261
9396
4629
312
5598
6011
6733
3334
1218
8786
1403
9934
112
7274
6565
4872
6625
8388
3002
9614
9308
1665
8833
6015
6031
6238
2144
9412
9517
182
5843
6147
9448
5495
7898
908
7579
4086
2816
5317
4676
7925
6206
6366
6661
35
795
1523
5853
4781
1271
8569
8572
2989
7501
6939
4981
2196
344
7480
8986
241
8505
8988
8530
2052
6322
6182
9220
6793
7718
2429
8688
9045
5226
8951
1054
3116
1922
7474
634
8593
8788
960
8147
7919
2623
2059
8041
763
9794
2831
8540
291
8527
8424
6026
5450
2191
1569
6039
1368
7476
4522
8494
8564
9326
6997
488
8883
1468
4888
2154
3124
9275
4072
139
9034
9875
5270
1014
8123
1351
8130
5624
5958
5400
8558
7731
7201
9272
3100
6579
3414
3847
6151
9780
349
914
8179
8961
4954
292
4066
3185
3269
8029
4973
3526
6152
3014
4818
8002
2162
7131
9703
1141
5732
6975
845
1758
3930
8465
902
930
3063
2008
5772
8072
2510
868
9079
7591
204
6954
5544
323
2137
3287
2090
7347
3094
3204
4113
7528
2051
7542
3462
2616
6110
7033
2846
3942
2337
4237
1504
7650
3195
162
8396
3459
632
1906
7855
3884
3509
5437
140
2402
8042
4892
9563
3744
8456
458
2773
2493
714
9187
2127
1768
2352
6970
2639
9147
6732
9434
6959
7395
5336
8582
4663
9709
9495
88
6370
623
4369
1950
4501
5112
3876
2341
8557
6459
432
2849
5979
8394
4166
1687
5106
2219
3164
2373
8498
1149
4494
6430
699
6738
9125
1964
4814
4415
8812
5397
8369
9537
8245
1785
369
6593
41
5571
6769
6682
3096
4149
6274
5459
4832
3083
2943
8219
6415
3424
3514
8962
9948
2547
7276
6016
7778
5951
8772
1974
4310
6713
6438
6426
9820
6263
8450
2000
9087
5588
3313
8793
842
3217
4570
5485
4753
7835
6815
2444
8740
1695
4194
6301
8137
9188
7869
2069
9628
6881
2847
8381
2262
7462
2254
4128
7672
7601
4340
7057
7554
3848
9394
8552
8171
468
3897
6098
7646
8684
6701
756
9615
3305
1359
9155
9846
3644
6981
4064
8322
7457
5059
4983
5380
3787
5211
2605
1711
8470
3687
9501
7291
4542
4090
5802
1438
2573
2464
3293
6067
7491
1112
1817
5134
3161
9988
7508
3104
5542
1020
8566
9098
287
3099
9222
1443
4885
8891
52
2165
9322
9588
9227
415
9397
1706
3581
225
8124
5738
1625
7177
2843
1114
3067
3122
7743
9798
7795
3447
6052
1069
2892
8565
1667
2313
8980
9767
7045
5922
5252
8174
2398
5126
8538
6886
5692
7792
9657
9592
7532
4017
5577
5430
6737
8030
7418
8732
8727
1940
7794
5468
3476
5426
9728
9104
398
7621
2207
45
3892
9331
2344
5913
2659
9293
7831
6436
2260
6902
6731
1011
2345
2555
379
7370
6017
2412
887
5448
7649
9984
4230
1515
2269
1859
64
9858
1829
2484
9354
1740
1449
9452
9629
6197
940
5788
4381
1608
5664
4936
5971
2590
6054
1454
3669
6933
6444
2707
8860
98
7580
4751
8553
6879
734
713
8180
7111
7559
1429
9981
1480
8887
910
2033
5090
7248
3455
7691
6551
4750
1989
1995
2931
1437
384
3716
5497
6531
1082
6090
6521
9663
1601
6249
8734
7077
1567
4289
5725
4163
1731
1451
814
7762
5699
3566
7779
7331
9250
6774
4152
5719
2947
5581
126
848
9959
1616
4659
729
7277
7931
2148
6741
2980
2498
987
2660
8050
8933
8663
9931
5238
3474
1767
2060
7698
8619
4500
1607
6847
5312
9545
2404
2454
603
247
3036
7315
4539
5000
3664
9124
5190
9514
7612
1128
76
7766
6307
8483
9318
5848
6418
3921
1124
3861
4168
6605
3676
2242
3528
9525
9294
6099
1002
7635
1456
4430
5006
8646
5901
4450
8139
1273
4079
9312
6747
7280
3303
1597
2202
1648
5726
8061
9732
4223
5771
6799
5642
1698
2960
5389
2857
8784
5056
3522
7519
336
7510
508
8656
4264
3746
7080
6685
6140
6465
1399
1813
5247
8093
8798
2962
6884
2159
4875
2700
3966
7954
7933
251
299
1657
168
2005
4396
2922
3719
5232
5659
6791
7186
9956
8199
2897
1109
9208
3436
8995
6235
1748
7007
5931
1049
1184
7349
302
6051
3949
7005
2635
2789
5832
1710
9515
1371
448
4484
1058
6909
3545
5891
7301
3176
1321
7669
2027
9416
3132
7426
3055
2902
2378
4529
8272
8178
7417
1546
235
1598
8717
4272
7880
2328
438
3016
9561
6391
5960
1091
6501
1942
2865
8974
7139
1187
9806
8402
1978
3633
7662
5403
4881
4308
7192
5957
9253
4685
8289
8742
9543
1235
9646
9392
8314
2232
7467
8884
8910
6572
1943
9259
6921
899
3804
6085
5708
2066
1261
9533
9871
6005
6423
38
975
6063
1799
9230
1439
4065
1928
2568
6237
793
3297
9017
9573
6977
8917
2121
3999
2935
744
2742
4844
2837
9636
1194
2443
8141
5860
6302
1900
8393
6530
7881
1563
8898
7160
2807
454
5165
8936
9741
4576
5479
7081
1465
9300
7273
7415
1697
4598
8994
2588
5587
7359
9088
5823
5205
5184
277
4239
7499
2889
1134
191
7961
4123
2813
7409
1993
7387
7857
4992
9350
2149
4900
1808
5600
6174
3066
7079
9069
7674
1721
2967
5975
806
4897
4417
1847
6368
1463
1030
5530
6684
5070
9677
931
4812
9122
1203
1253
3349
9765
1635
206
8131
6042
5897
8065
3695
9867
6432
6554
2688
5454
6142
7597
3494
5851
645
2627
5299
3068
7335
8588
4645
2744
2125
5824
6681
3308
2561
8310
3193
2641
3873
1488
9059
2068
2859
6146
5915
5794
9016
8676
570
1198
2201
2194
2379
10
2300
2044
1122
3563
534
4839
3600
7295
792
5867
8218
7594
5549
9606
5096
9210
3591
6494
5883
8856
6100
5674
9654
3150
6999
8706
6722
5046
829
1087
828
6055
3948
3181
8575
2188
1719
5836
8550
9193
4922
8996
4489
2035
7610
9068
8032
1190
8247
157
8
2511
1017
5722
3140
3636
2983
9109
7867
805
9674
8626
4613
1918
212
5228
2701
9058
9835
6160
2996
8849
9316
5298
2351
2263
3376
4816
501
9265
1499
774
63
7722
4135
1324
7003
9223
7205
4282
6149
4136
7294
6669
2508
2581
4093
1960
5087
8306
1309
1291
8198
6283
8589
5964
727
6801
9469
3629
2515
3279
8357
9683
8084
2881
9345
275
1432
7408
2096
726
5517
5476
3265
9457
456
8921
6639
7830
6161
4743
4456
7666
1614
1161
4702
7959
5698
1577
9796
7651
7985
2554
24
4119
9050
8168
5392
4694
7524
9402
2514
7736
3706
7871
9992
9655
222
2524
9212
4394
4678
2842
6463
9075
3931
7668
521
1497
8363
5864
362
5933
2830
3776
5318
2338
8263
9151
6760
7555
3673
1175
2952
9916
4401
7786
2048
1741
1306
6156
281
2056
8020
8752
2764
7149
4403
8765
304
884
6571
4830
8748
1251
985
4740
1956
8522
7236
2267
784
3959
6392
9056
4193
3901
2592
4432
6162
8057
8529
8034
8699
7820
5660
8136
4368
2617
1360
3834
8577
4201
8447
7952
3087
5344
1275
4849
8074
547
6516
7910
7229
5197
7402
5604
3191
5902
4950
6221
1404
7814
1987
8904
8773
6778
7725
4894
40
7943
9633
7307
4654
6621
5379
4640
9330
8209
5181
1870
7822
1143
6880
7777
6958
7714
7840
1191
7056
4535
3973
4608
4633
5105
3608
6636
9755
1430
6109
3103
4972
5120
5463
780
746
8802
2476
584
19
2929
7934
3464
9670
7713
5941
4880
3324
199
7113
2667
3978
3152
7
8120
9754
2523
1621
7994
4692
6878
8172
1944
8355
2172
5551
4533
1092
1658
949
3286
4536
9443
3885
6719
1662
5438
1856
3123
3135
6194
476
6429
6097
6581
8509
6638
5036
4398
9940
2163
6578
4915
2325
907
1204
1559
9699
8521
8829
6919
8923
443
1527
9120
4879
5208
2976
5707
1505
2805
3900
5835
1136
6861
6133
7258
9889
2870
1383
2390
5445
8012
9833
4701
4652
4028
5037
5821
6951
6356
3845
2505
9631
9990
766
2141
9726
9664
472
6704
7338
8410
6832
4323
5048
9327
5496
6770
7535
630
1873
7971
6859
2458
6386
8580
354
9201
9299
4218
9221
6050
541
5985
2697
5329
3837
1459
1626
7070
4985
5795
1075
3419
9456
5404
2613
2045
2784
8943
6104
3441
761
589
4409
108
3503
9712
1388
7261
5996
1110
5292
9638
7022
3714
7935
2324
5519
3784
1751
876
8200
5475
1858
559
8058
9355
1838
9237
7053
5983
303
4632
8560
4878
981
6914
233
5308
733
7895
562
3075
4931
2608
8939
9844
4306
2473
540
866
1836
5335
8922
8138
1757
7987
4466
6853
4270
1216
470
9179
2467
6256
3908
2133
4372
2995
8016
5525
7371
2185
4559
6088
4161
8585
3963
7116
7058
673
7821
6993
660
8475
1132
7825
2578
7996
3594
882
4148
8449
7287
1239
1923
702
4305
3007
7724
8346
6236
3268
8283
9031
394
3207
4683
668
3588
6329
5285
1663
396
6143
8808
2450
4947
7267
89
7921
5825
9600
7496
2256
5095
7074
6545
9659
3062
6484
1169
1484
7571
5701
7979
1409
4134
8116
9969
7216
4424
4222
4125
9026
7849
1113
2470
1753
1013
6555
8478
2920
8472
2062
2914
1447
3770
7584
7588
4757
8344
4502
9743
9640
8571
6253
4014
799
9064
2475
9828
9616
2598
3562
5149
9194
7785
8023
874
5757
2650
745
8984
1469
4089
9020
4850
9269
2433
9487
8037
8250
5539
9184
800
5324
8531
7902
2745
3968
1431
1849
4349
8594
6619
4777
2620
7380
9622
3049
5464
3693
8695
7210
3666
3395
9524
6627
8977
9131
6343
7774
6687
7937
1347
229
8482
2184
462
6536
3743
7693
3762
3623
9624
6805
7052
6918
8148
5099
3729
6543
4345
4091
5030
7472
4380
611
2317
7746
2386
6700
7687
5614
3397
4190
3779
920
9927
3365
7685
3905
3531
7539
4784
7561
5435
7789
9946
8796
781
25
8079
7158
730
4002
9387
3603
8433
8242
9917
1686
1341
5385
4961
7522
4580
484
3780
4058
7342
5274
1158
5144
4918
569
5668
3681
3512
7806
1019
8906
3487
3387
7908
7726
1876
6671
880
9419
1282
2516
3081
6180
8252
6646
7021
1574
864
9471
5310
1288
906
9315
9752
2288
9450
1666
1746
719
1796
4705
8425
9704
1071
1224
3772
2885
5402
555
5109
6049
8982
9240
58
2614
7203
5230
3029
7493
238
680
8436
4745
1023
493
6377
2382
2485
3544
5838
2549
8236
2135
3129
4681
9707
5716
491
3292
4311
1826
6845
1718
5386
2934
6956
9011
1292
5630
9004
3708
5168
1421
1599
7741
4935
8182
427
5425
156
7087
4942
7716
6493
9093
2597
2266
3341
485
7461
3201
3345
4030
6633
2037
3336
782
5714
4276
909
9855
2919
7920
5990
3718
5995
7798
7858
563
515
9687
2283
2371
9944
5599
7964
387
2081
1551
8526
3022
3627
2161
8213
762
2339
6788
4315
7557
4831
2779
1524
5885
9425
8102
314
321
4635
5481
388
9000
5372
978
5518
1617
2715
7628
2741
9891
7485
6915
6164
5946
835
7951
6030
4131
7620
9880
731
8713
2747
2888
2738
1079
7663
6783
2251
7751
6844
7184
8389
2583
3426
1346
5273
7770
9756
3477
2295
5136
511
4647
5204
4748
7977
5545
3582
2088
5652
5684
5002
3021
9971
6427
9673
3019
7922
6698
1302
4755
1850
8176
7682
1649
8435
3335
7609
2690
5524
8005
9564
7657
708
943
4623
4651
489
7185
7397
8631
4859
875
353
8716
4782
8766
2879
9116
4810
3866
5681
7020
5124
3717
9618
4457
4347
1821
6841
3259
2209
2638
9682
3450
4841
2677
7604
8680
7784
1202
2585
4591
8556
2369
8370
6401
1295
6984
4278
5177
2570
5166
6509
1770
783
9305
5879
6246
737
6670
9637
5603
9400
7652
5536
4005
8979
9143
9432
6188
8603
1419
4507
2580
3684
4402
4550
7313
8331
8372
2792
2803
1120
9610
3607
171
7844
6950
6628
7399
9965
1055
6411
499
4626
2226
5068
2355
4764
8038
9099
8008
3783
578
4696
3712
9464
33
9214
8374
3703
9039
2399
3543
9660
3773
5395
8791
5141
1435
8997
1600
4173
6857
9723
2279
6186
6169
7733
3727
3127
1247
2624
4572
6023
9284
7938
7690
2611
8190
7128
5337
6672
7352
8799
123
3954
6810
4377
9632
3221
4709
9358
991
9510
8432
2633
5688
8044
1297
1440
9567
6472
2714
9523
6419
7639
6257
878
4675
6058
9415
8350
4695
2828
3317
3226
4459
9814
8629
4829
5401
3941
3407
2694
7130
6240
1479
662
8952
4038
7144
9748
3979
5409
6224
4920
7117
4175
7065
289
2862
5504
2268
5169
2806
263
1801
260
3283
583
4423
5284
4622
8702
7700
170
2790
4775
4366
3935
8308
9438
8625
8154
8400
2610
2100
3814
6193
1296
8161
3802
319
1857
9254
7323
9277
2110
445
7677
8474
6291
6613
332
5073
8888
97
9903
2678
8109
7043
352
8618
7326
6077
9919
3740
1939
6577
2168
6176
9295
5412
6219
7310
6768
431
3680
5740
2876
4080
333
9727
7140
7196
4871
7044
6211
115
9062
7874
9279
2238
5685
5032
6043
9804
2910
1277
640
6539
6158
7703
9149
2028
6348
141
3663
3061
6380
9173
6410
2153
2817
377
2211
9864
1954
8714
1240
6445
1986
4903
4901
2318
6018
962
9590
550
3383
2553
2320
4927
4728
5893
7936
5911
294
7489
7355
7078
3188
8033
8111
526
3972
2230
8021
2234
196
6652
4099
6898
7275
2542
305
6469
4109
513
7891
8590
9771
8390
6496
8279
3310
4445
8468
4641
4575
8894
3879
9853
4471
1301
8492
8466
50
5098
9389
1566
2767
4234
7187
1728
2294
6362
3797
2275
6148
5904
1586
1067
1548
3148
5844
2115
2208
2802
8587
4719
6383
7541
8126
6641
6588
5175
4023
1865
9718
3701
988
6804
7249
2796
1139
7860
2698
3571
8216
6913
9739
3009
5319
5035
8502
3340
6095
951
5306
4646
9381
2732
7451
2643
2364
8551
5367
9260
1457
8701
5103
9685
1787
8721
813
8853
2076
7494
366
7238
6533
857
330
3711
7558
4665
9036
2223
1700
1654
1165
4390
4354
2120
6891
1118
591
4697
2520
954
1521
2760
21
9474
7255
9604
8187
9097
3645
8469
9410
1905
9571
4334
1651
210
124
7232
62
5703
1519
3050
5301
4679
6998
7826
9559
9154
6985
1816
3891
5810
4189
301
6699
8969
231
107
2786
758
2431
7306
8163
9368
8328
6497
1201
7064
5791
6792
5138
8192
1674
6421
7147
8249
7904
3272
8000
8132
9715
1152
2844
4789
6651
9258
2198
7297
9052
6547
6357
6568
9599
9199
3032
9542
582
6782
6822
1513
2367
9176
947
7566
9162
6295
223
207
4567
9619
9170
4544
7163
4711
7754
3655
2566
2958
2079
5330
3932
656
6495
3237
8294
8134
8420
3130
5594
4371
3825
6288
1853
8630
6340
7560
1064
7569
4609
8998
5687
6944
773
7603
8473
1788
8501
6614
6787
8759
7092
5229
1411
846
4204
2533
9742
4865
1932
6045
2075
1539
9534
9009
9335
5456
6220
7239
9207
4909
5119
5132
7540
1327
9894
6860
9978
4361
1076
4062
6816
6062
889
3694
5792
9928
9090
4515
5852
695
4118
1576
1938
9189
9834
3208
1133
7108
3842
4866
2647
6467
8253
665
310
4196
1800
5388
1774
5457
4041
2869
3976
1231
8499
9323
2615
8739
2278
5970
6566
5509
7827
791
8708
2221
7852
4254
8634
3742
2709
8819
7613
3899
4373
620
4587
1486
973
5962
2284
5433
7575
138
7619
4325
3977
4176
244
7970
9898
7665
1303
5541
528
979
3769
8049
4582
4956
4212
4106
6199
37
9581
1016
4140
937
9213
7344
4767
1972
2656
3173
7142
3572
2019
2632
6177
4412
7244
3774
8822
4585
1554
6115
604
4991
9413
9135
9778
6117
83
935
2478
1213
7606
8554
9645
7298
9296
9290
7658
7876
6094
8391
9671
4884
411
7477
2047
7179
66
6762
3937
9717
8800
5727
3805
7893
1503
1736
165
1293
7715
4299
3408
4966
6214
615
9463
6226
1970
9849
6404
6856
1828
5770
8851
1234
5328
5478
7865
2426
4607
5115
5804
1009
3926
6101
3551
1553
6175
6665
1656
517
672
4248
9823
1929
9409
3809
8681
694
3502
7500
5423
7513
166
1893
5127
392
1155
4132
1655
7214
2683
721
3172
1322
9139
1232
9901
3238
3134
4250
3709
2537
8678
959
8251
1035
2156
5780
4101
7148
8051
1735
9922
7572
6489
5670
3934
8099
5351
144
6750
5094
5944
2321
6461
524
29
6863
9283
1047
3764
4081
1975
474
2039
811
1061
684
6330
3720
955
9635
5473
6134
7083
2968
1130
6145
2666
1319
8003
5187
4374
886
5334
7586
3808
2991
1618
6923
9055
9018
5294
4548
6995
7242
2220
6108
6239
8524
7671
7645
7088
2979
5215
554
9813
6093
1716
1228
996
2832
74
1219
6809
214
7146
8095
2400
2312
2527
6556
4092
8048
2863
1726
8243
5362
2130
3165
8115
5749
4100
3362
1221
7533
3282
6056
446
5424
9557
2017
5480
1977
8055
3328
8517
3872
9197
4855
1692
6772
2408
637
4620
8173
7661
3216
92
5515
4322
2343
707
538
9647
509
1722
2261
1955
70
3817
9401
4586
2868
5563
122
577
464
3577
9047
3715
9325
8155
8946
6339
8602
638
9888
3492
504
5746
4776
7969
6725
9206
6515
4921
8274
9851
2377
3072
6897
9779
7312
8302
1060
8026
4356
5291
2601
1040
7385
9906
7339
4490
5121
8584
995
6865
5765
416
556
1935
6800
7550
9366
2848
1738
9373
5378
5503
6744
7950
8841
4431
974
5471
3275
929
1688
5016
2105
711
1395
9892
9070
1659
5665
9128
3000
3745
3724
8103
6354
4327
5199
1941
8207
3585
5262
6534
1765
7551
4145
7062
4208
4425
5180
9274
3767
6812
4560
5111
4653
6715
347
8749
6212
3309
298
9385
2916
192
1533
8838
203
364
2917
3364
408
5057
4578
6328
8506
5280
3380
8377
4355
1507
755
2705
7608
3252
2434
2203
9252
767
2199
3074
4519
3110
881
1462
3233
7172
4523
7099
6745
5998
428
6363
7648
9788
5332
3299
7799
9973
1790
8880
7004
5965
5005
7742
8497
1412
5118
5028
7193
7035
9747
2873
7640
4779
6630
542
8954
7815
3411
3053
4621
8751
5462
2259
118
6470
2432
9993
7708
8703
4443
7382
4393
2909
1681
3555
2834
4104
7632
8281
8948
3725
5467
4007
6724
2375
9626
9601
863
576
8086
4480
6830
3163
8924
7093
535
6480
5432
2841
9332
5431
3971
1556
1973
6454
1498
4083
4639
8934
4662
1382
8066
9528
1414
6488
1476
8591
610
1502
2085
7701
230
8545
3194
9913
2424
1193
9750
7709
4917
5331
3965
6514
4133
4611
6492
2143
2258
687
2497
4848
9263
1590
2491
6776
4447
236
5613
6242
7712
8135
8290
6827
3092
188
1397
9439
9556
6451
9427
7340
4035
389
9496
9821
5461
9681
9497
8863
1039
6922
84
5926
4039
6299
6597
519
2388
7706
7126
2526
4211
6323
8276
9481
6508
5522
224
6141
7384
7010
9613
7962
682
3258
2140
4658
3017
3004
3291
6924
9038
3270
3878
9830
9710
7760
2181
5805
3933
4154
5949
1732
6936
2629
631
2116
3800
8097
3338
4754
6351
1931
7118
7705
5516
2894
447
3289
5779
9991
2040
9531
3347
4571
4267
5813
7585
4382
5552
3358
8438
2018
6422
3513
8750
2316
2954
9972
8599
749
8462
9161
9408
3346
7390
1844
2359
2276
8677
4723
1945
3304
5009
5638
3641
1033
1199
7896
8715
9492
7548
2228
7490
2704
4783
7453
8667
8953
7634
1215
3920
2009
2455
9142
1180
1178
4180
670
9465
492
2245
4326
8814
9398
7527
6916
5170
8885
7757
8573
87
9634
6721
8087
903
1453
3107
505
4876
5981
1125
2671
4930
5500
3824
6216
3011
4044
442
8291
7627
6752
4488
7381
4615
1742
3846
181
6255
7670
5950
853
7885
3451
1777
2407
5338
9054
6397
1712
143
8875
8912
2752
4868
5787
2756
9783
6372
7796
5661
2331
6706
2129
6294
413
8661
1088
1781
5477
8366
4335
4624
5632
4673
7684
7039
705
2529
5231
8412
4978
9204
6217
1105
1173
4226
1402
3084
7680
4762
6243
8633
2564
6417
8271
9954
8444
9652
5694
558
8416
1912
1025
7516
7115
9003
8385
3583
3532
7906
2077
4301
5601
3852
5756
9417
1747
1065
9535
3569
4022
318
1963
3082
5092
7721
627
5080
8146
6303
9407
5113
8241
3080
6831
9832
6589
1006
8744
5008
8832
1434
7327
832
4259
9436
5775
5311
1242
6083
397
4543
8636
8234
6113
4034
6862
279
3155
8935
8737
6829
9024
3485
9594
7483
1921
3040
3660
4020
9489
2577
6282
5582
3677
2468
9241
3690
9084
5956
804
8683
8239
2307
6278
6046
4389
7808
3596
3200
9411
9367
5097
5368
7829
3090
3276
5988
2446
105
609
9077
8107
7495
2589
1877
4716
1446
4564
5797
48
2691
5920
9205
340
7183
8297
1558
6980
1481
1015
7271
4158
5607
7001
4273
2729
1694
7376
7917
256
9028
7957
3888
7442
7872
2775
6179
9770
7995
109
120
4160
688
3539
7598
5514
7623
5554
5531
7841
391
6712
4599
1007
9593
5527
6814
7905
2301
9873
2978
7856
5987
9224
8813
939
1729
5072
6610
147
1083
6709
5752
4292
7800
4467
467
9251
9721
1880
9245
2389
5741
5677
8313
1792
4948
3634
9226
4294
6040
3640
7810
5799
2997
8428
9706
4913
5074
844
4747
16
2826
2838
2730
9649
2146
5555
149
7221
8724
5044
8490
9679
7887
9121
4209
4682
5179
1338
5358
4984
9137
5491
3198
7346
2303
1300
7066
6003
4534
439
2896
8361
3047
6021
5248
293
99
3652
8709
1238
8196
2823
8256
6695
8333
2663
5249
5251
4026
2982
1401
8735
2727
6615
3381
6006
417
3473
5841
7629
5868
2571
6807
5384
2720
2883
9041
44
871
6446
2057
3475
2349
3836
5407
5839
4275
8537
5634
9086
3196
4896
5808
1572
9313
8309
3042
6498
1627
4376
7728
3916
5086
9281
2563
9963
3505
641
53
7191
2759
1699
1084
9440
5369
1413
1280
7063
3697
1730
216
6222
1200
8966
8963
1116
4836
1473
8365
9257
1005
8204
7659
2665
9591
8404
5354
6293
4837
1283
543
1701
7434
8104
4858
8337
1192
1609
7564
4689
8085
1915
8359
7075
9191
9585
1121
9200
429
8874
4164
60
2930
8427
9584
3584
7084
8224
7727
7308
3721
1372
8320
8296
1078
2987
3732
8682
4889
8854
510
6464
9896
839
9815
6757
953
2282
7909
5553
9811
9163
5712
9887
3465
9768
7219
4240
3071
2136
5123
1704
6228
7868
3256
91
9421
3482
9516
3372
4461
5411
7262
1356
6227
6139
5762
3159
7838
1557
9169
1613
2637
7875
2558
1933
983
1010
7029
5446
4075
5458
8007
6825
1417
2392
9695
636
7737
9144
9643
6992
175
6727
8763
8536
1895
1490
20
4934
5117
9627
6032
990
5148
1146
6692
4512
5224
3430
5191
539
189
8712
5859
2502
2649
7538
119
1739
3981
7073
9807
1860
437
8375
5578
8407
9051
4269
4690
3023
5801
9735
4427
5609
2248
2994
9002
4604
1670
9999
3924
267
3244
7913
9958
6679
4233
5502
2419
4988
9063
6202
7103
7104
1552
3643
8384
359
9377
9405
3778
7984
3190
8077
915
7296
1705
8513
6258
2970
6524
8741
2815
3791
833
9532
6395
2591
7626
4680
127
2082
9560
8876
5585
2462
5739
7002
8767
4418
7484
7870
7435
8221
2113
1589
1773
1254
2772
6624
8197
6780
9360
8697
8110
1377
4321
7916
8052
5049
7440
9551
9347
481
1464
592
4191
5325
2600
7357
1543
5040
2907
7374
925
1363
2479
5391
4268
4581
3486
8574
6797
9114
1070
1162
5806
5078
4018
6676
4706
9340
2430
8406
2298
59
6969
5717
1197
4953
8836
4143
5083
6573
9080
9589
9688
2101
3538
184
1596
5160
4838
3858
7169
1041
142
2522
2157
8165
3285
3402
5289
4436
6129
6771
4606
3682
9799
2651
1018
4851
6398
3119
7679
1026
2575
1872
8379
8383
342
3547
5826
3542
8804
278
3618
2557
2733
2682
2118
4965
2439
2695
8665
7240
1565
3738
4279
7181
3329
8157
8047
7396
1126
8728
3625
3991
967
7413
160
7465
5641
6560
221
8006
1545
4672
948
4998
273
1425
1807
9304
9141
3187
6838
5814
6927
5784
2342
8993
3472
2290
5398
7980
1317
5079
6991
9414
6576
3351
3315
3167
8940
460
8960
8704
7455
3093
1308
2302
5818
5565
3144
6888
5592
4561
9502
9475
8760
337
435
6195
8011
9429
5568
7470
5671
7582
6281
4407
5225
4498
8205
9897
7704
5483
3236
942
6334
4428
5978
6218
3632
7813
7503
6044
3564
6541
9716
5711
7656
599
8286
1171
6250
7006
8827
4102
2093
1508
2977
896
9268
7429
7823
490
8166
3670
6784
2855
338
4573
5596
1131
6269
8311
5889
3478
2731
4162
689
163
4630
5243
9488
3342
5558
704
4732
9689
860
9912
8666
4769
7696
75
4835
2335
4726
4617
5131
1259
904
4551
7016
9843
7017
2126
5890
179
1269
2183
3914
4383
346
8905
5314
5142
6512
3736
6265
7047
4483
4628
3274
4495
9816
8062
5912
1098
7747
1637
6471
6518
103
282
4862
5534
1036
4422
7423
8481
7155
6082
5221
7096
8983
7544
1154
3887
7254
5172
9140
5560
6968
9955
2231
3870
9130
5744
5866
4786
3433
7317
450
4590
3427
4387
7842
1284
5834
2394
1396
8578
1095
5906
6389
3801
6890
5287
7389
1642
6872
8725
9686
1509
1168
6873
8117
8892
473
154
4520
5909
7832
4107
7430
8670
4260
1575
8413
4242
3637
3212
6598
4265
7839
3524
639
7425
7152
4553
9698
621
1214
11
5748
8080
1212
4772
5250
4970
802
572
4126
6631
7145
5207
6947
879
6552
8879
8840
7787
1896
6935
5608
3180
8628
7208
7529
8596
8775
3672
4029
9171
2003
7015
8336
5429
3987
769
7622
790
2461
6858
3683
5235
4463
9669
693
2393
482
3700
4636
1267
9445
1629
7366
311
9895
3833
8315
6443
6014
316
9918
4057
6504
3413
7939
7170
2640
5415
5023
4202
9868
3255
3059
7563
404
607
6795
7174
7834
7997
849
2145
7067
1330
5020
4650
7314
8158
2236
5809
4637
7772
1492
5282
4351
3889
4174
8149
3638
4874
8461
4195
6431
8001
4699
4482
2749
8443
4177
560
5347
5521
9195
8230
4752
7882
3516
9102
4742
8222
6478
205
8212
6360
3843
2754
2956
5881
9236
7106
5
3446
5969
4925
1320
42
8169
2084
8409
4031
8340
9461
3549
9986
6335
7990
2235
9278
1160
503
4941
9863
3535
8757
3567
8845
2674
5345
2155
5967
9572
9404
1610
3428
759
9562
8004
9158
8878
7525
2482
8089
4824
9648
7230
6168
5135
5633
8368
4867
3483
1225
3635
7907
5537
1749
9995
6001
8446
8797
3698
3819
2945
6317
3054
3661
3396
6173
2890
1470
2031
9014
6491
136
8615
2966
9309
1137
6128
7250
5658
7681
5591
3192
9390
3704
2381
3728
1685
5360
6690
3327
3883
6749
8342
4426
8075
5027
4032
7328
2621
3548
2064
8711
7143
8597
5643
3969
6961
2971
9826
4453
5639
4011
4352
7630
3546
5954
7699
3994
9791
7082
4727
7243
3026
3095
5394
3756
1679
71
8081
7284
7593
135
9800
1755
178
2891
7506
6190
9342
2024
1584
3521
9751
2147
8347
8299
6649
9203
1734
5363
3500
8401
5854
5566
2716
6028
5320
4976
1362
2151
567
217
2658
444
3757
5923
8907
2013
6352
852
3171
6876
2222
7863
5619
5377
6318
5615
6390
8532
8327
4688
3823
5557
5443
3391
9841
674
3162
3656
1822
4153
5313
6567
5763
8774
2835
1097
1222
9947
4974
646
3527
420
8746
6986
239
1910
1510
151
6683
2880
7252
9320
180
1223
9451
4105
7765
6655
5733
2693
9010
966
1650
8304
6767
6696
2963
9547
8964
4247
4531
6244
7783
9348
9454
6892
1536
3940
7573
7911
1547
3815
9364
2496
2908
7738
1008
2884
5223
4860
8989
5689
678
9242
6130
1255
3157
6399
8059
2015
1511
5790
4046
7363
280
7420
6666
4538
8025
7445
8518
2618
3759
544
67
3895
5171
4344
893
9426
5758
7120
5091
6298
6525
1461
3484
3085
1653
8985
1823
9933
9115
2030
2326
5303
6251
3793
7504
3298
7195
1544
7587
633
545
2224
6287
3789
3609
5651
2494
2483
2975
1783
1677
7311
775
2410
6275
8828
8184
7320
2783
597
7641
9262
3731
9357
1959
3332
4738
5934
9565
9110
295
5961
8839
2918
7678
4441
9007
2063
6920
4000
6931
9037
9192
28
2436
4944
3560
7949
4722
5255
6854
3432
8945
9182
9021
7293
5822
2488
7686
497
6851
552
6072
471
7154
3614
5935
496
4949
1243
3339
1471
3211
1669
7234
6794
5413
3844
6604
3325
5875
8244
500
2314
7928
3747
1426
4795
5751
479
7625
6116
4016
2387
8632
6808
4527
8100
9953
2689
130
2451
2087
9651
6381
2099
7200
7732
3253
3366
9282
2703
8900
9437
5088
2465
6037
110
7545
6730
5766
8803
8847
2210
4833
8675
3149
5047
426
5966
7135
3803
4707
3038
2565
8316
1875
2751
6208
4045
3944
5364
5709
1647
658
5718
1984
9371
2874
3363
6736
8674
768
3898
9932
1827
8955
6165
8275
2559
5321
1406
6510
4825
820
1886
3158
121
936
8453
5774
595
919
3691
8341
7918
7811
9105
6611
4122
4506
9273
8284
6047
2459
5460
4521
6746
8053
9486
5928
753
2724
3319
8820
8267
6229
7112
5812
2376
934
8398
7217
4809
2937
7862
6903
2107
7965
9578
8967
4421
691
993
796
9196
5440
4796
1839
7636
2311
1066
606
3642
2961
7452
2192
7812
7042
2761
9504
8128
6154
5307
4788
7767
2074
5051
85
7750
1911
1583
6538
1953
5293
114
5258
8817
5616
3439
4725
7763
4698
2950
6264
4188
6482
826
2748
3992
921
1428
13
6987
9053
4397
3389
8782
5612
3507
8937
9472
345
3374
7924
8019
4295
3936
8343
5827
6159
6895
8756
6528
6855
6358
4508
571
6899
2944
65
167
2023
1482
5416
3128
4324
1634
4350
1028
9729
8778
7076
2277
3911
2138
385
94
6213
4601
4286
5561
23
6996
8873
2471
1713
8067
590
1646
7802
6527
7404
6203
8857
285
7025
8318
2676
3399
4907
9884
5153
1262
5104
5237
1874
3273
1249
6
2091
2512
419
6059
351
8689
3431
3765
1144
7398
1003
6720
6803
1926
7973
6081
7932
2702
69
1230
7581
8321
8779
8601
2719
7009
101
2795
518
9380
1925
9982
8421
883
3064
6105
575
1564
6811
7102
4916
8947
1340
3219
8397
2969
3561
2200
5706
9824
5487
7136
7318
1285
3355
7589
6718
3077
8045
1689
4040
8129
5678
164
4434
8022
3488
7332
5803
232
9662
4156
1724
5570
4232
2246
1562
7107
4574
5033
9838
8764
4047
6520
4873
3985
9431
8635
5925
1541
2780
4794
3598
6460
9583
4179
7616
5269
4181
8013
1147
1825
1693
213
3261
5937
5055
9442
7688
6764
6310
6320
4771
7368
4257
822
2579
9129
4448
1588
720
2020
1408
5735
5449
8862
8567
258
8429
8855
2904
8568
2927
7265
6654
8269
2619
2004
7272
843
8981
3840
9775
288
8262
1170
4414
5702
5896
2109
5281
6875
6930
7050
9073
3262
4822
8623
6157
836
965
8487
6388
7848
8520
457
7654
8118
8060
259
5466
3557
215
3605
6743
4898
2539
7209
9719
1668
916
3280
6802
1290
4671
6456
6087
9910
8246
933
9605
969
197
546
1310
7717
9356
8371
7354
3202
1391
4735
6962
1305
2036
2334
4664
797
3251
7223
2753
8063
8671
7790
8609
9764
1042
3945
2609
9668
3225
6131
5376
264
659
1966
6592
5785
4704
9317
5011
8009
4147
8418
331
7316
8850
5750
6526
1138
1307
7226
3593
8323
1331
9797
6215
4687
9344
4808
8485
3421
9256
5930
4139
3060
686
1837
9762
4433
4003
4759
9071
5575
2604
2103
7739
6254
5107
400
7692
5597
9032
5173
5667
3556
6336
3284
2241
2560
8549
1179
8692
1339
6409
5769
8621
5861
9234
7207
9979
7129
892
9473
1491
3377
9044
4320
82
2850
2237
3886
1595
5342
8957
2734
2418
6086
4618
5710
6575
7888
6271
1894
5375
5921
9760
3812
9827
8617
1864
2739
750
3984
4037
8743
2867
4244
2119
652
1949
2108
9869
4856
5058
8046
629
152
1752
2711
7929
7637
7405
1725
4063
1148
4103
1636
4024
3612
8657
7866
1885
2006
4971
9784
5627
9460
4357
47
5356
418
9470
2519
2872
8471
2289
7930
8821
272
888
4317
8555
4438
8570
4473
7321
1448
856
4246
8523
5786
2078
1936
3794
9166
1441
7956
986
6002
7150
6866
2480
1769
9781
3510
2357
9393
3290
2653
7362
9860
8255
741
723
3741
9925
6967
2856
4541
3001
6823
984
1784
885
5315
2877
9100
6111
6542
8807
7879
9731
386
9499
6663
7141
5653
4159
4170
808
7574
2699
8908
2740
3796
4258
7809
3534
9914
4588
9046
8652
4691
1489
7105
5414
3951
8382
9231
1628
9608
36
2383
4840
9714
6297
9733
4008
8419
2197
3877
9106
6107
5547
3367
2481
1195
7481
6942
9388
3868
1578
9951
3786
9508
4224
4911
8345
2420
7900
1365
2797
8177
9691
3331
7991
8645
6453
6940
6946
1378
4758
918
2007
2083
3153
9620
8010
4820
5513
2304
8613
3214
5700
5420
2596
5622
998
3243
8723
9081
657
5924
2072
3145
131
61
6481
952
1518
2755
6694
7028
1380
6667
393
5948
6344
6089
9001
3020
1957
1750
226
32
4746
2661
1843
7615
6550
4555
3678
9575
3518
8866
327
7270
7356
4097
4791
1797
2406
1466
9005
1210
4828
7851
6561
6785
4096
5932
6849
4557
565
6207
1914
6267
2535
9950
6988
2421
2271
6585
2669
6066
4800
946
3136
1423
1818
5874
9998
3806
3220
530
4303
7947
246
4545
9555
6080
8411
1727
3974
9566
2569
1529
9512
5018
861
9847
602
5019
7515
7492
7788
574
4304
51
2128
9500
1591
6755
8648
7222
55
712
2368
8259
8882
8583
145
1258
4853
4454
7986
669
2642
5625
7202
1965
3088
7974
453
4815
3665
5837
7877
4492
4780
8405
4486
6198
8220
8805
2895
3394
738
4460
4963
7478
6535
692
8968
2986
8214
3306
3089
401
6248
6635
5042
1353
2472
3448
7121
5436
8261
7614
9539
4074
2142
6602
6618
1227
8069
4400
900
4078
8489
5869
465
8705
3820
6964
5034
3658
9817
9697
5649
3854
5029
2065
1811
9693
1715
4157
1644
9012
6447
2456
8959
378
8846
3246
3511
1100
4001
1364
6513
6583
5610
5300
3097
4478
663
9428
483
3777
9138
440
5918
9288
9264
3766
9985
2814
5499
9521
6689
1057
4229
3821
6479
8622
9085
7502
4287
7198
9961
4309
6376
5396
1046
1971
9862
5116
9805
8503
4067
6027
4703
1361
6316
3917
537
1791
4137
7055
6833
5533
6587
5680
5679
5745
4124
1407
8464
9920
1884
1496
8448
5666
1358
7983
3318
2758
7892
6836
2654
5876
901
3174
5798
4660
158
6532
7246
6601
1460
133
6272
4969
3967
6435
68
9997
3604
7365
2257
1579
8508
9994
2551
3112
6439
4842
4530
950
9458
8122
9586
9148
4594
6522
9786
4228
9737
7647
9526
3580
6608
4845
5498
5024
1592
5007
5214
5713
4834
7833
1436
2041
9006
7377
2366
4405
4110
2050
2038
4362
7553
172
132
2032
405
4999
6304
2460
961
3903
7444
5290
7324
7459
4749
9976
1174
5239
7975
7394
5511
1081
7383
7406
7878
2252
1410
5820
5862
5254
5210
6347
9803
1909
5151
211
6929
3568
4854
1325
6029
4933
2735
202
6540
3028
8949
5054
7968
7479
4200
7514
6402
6053
5831
3078
7775
6233
3215
8064
7547
7245
581
3860
7040
3559
5261
1183
3121
4773
8698
5621
7818
7488
8186
8191
2717
7988
2777
6726
8546
1117
2853
5973
525
6387
8794
4314
3182
2058
957
6966
3960
8293
817
4217
5482
8818
3037
6225
8738
6716
2150
628
3228
95
2964
4070
4069
5399
3849
6024
1205
816
6361
2722
8781
7257
4446
9825
4076
3227
1188
3491
4360
8867
