7816
7456
4192
444
8807
7903
899
8088
7551
9336
3708
366
1502
438
3692
1673
7735
5169
3942
888
9937
5365
8344
8405
4483
5218
9339
7011
4946
5357
9414
2653
5034
1649
1021
3937
3563
7368
7107
8216
209
8685
2309
7539
7060
1118
71
6454
2271
4194
313
7218
5328
2877
4083
8036
1851
9928
8538
5955
5820
4669
3879
5558
1687
2004
3095
1333
4487
2604
8456
3340
1202
6967
5641
8781
2029
7653
8892
5699
972
6851
6882
6603
5386
2519
7896
3819
150
4059
2974
8058
2092
3939
8210
8916
6143
805
4976
5432
7376
5992
1983
4025
3828
7030
3286
2430
1050
530
3282
1081
7991
6480
5084
3116
1107
1675
3146
8096
7299
4551
3711
2563
5792
1068
9043
4777
8889
6578
1189
6833
5564
2100
424
8527
6856
9290
5369
2950
2844
8125
4683
6224
1783
6750
4146
3883
9980
6587
8924
5882
4503
3877
2957
4924
6978
439
3099
8849
6194
9052
7621
1636
1077
2485
567
8481
4296
841
2791
370
2297
4570
6083
194
4729
741
9106
1330
4405
2279
5210
5572
9770
799
8104
3128
4776
365
2215
4478
7561
6338
2020
3153
1138
9330
2161
5324
1318
5262
827
5659
1264
9254
1872
5107
5344
29
2085
8375
7419
5439
9059
4134
2312
8775
5182
9366
1018
3011
3649
7374
506
2892
4861
1304
9156
9215
7348
3106
3013
9322
4656
3835
1594
7094
616
2537
2438
8213
9003
6936
2130
9761
556
5580
6466
9417
1667
1288
2544
605
2520
889
9103
6899
2944
1400
5848
3895
5057
8046
9168
4013
9015
2338
9553
2637
5678
7424
6858
8450
2964
1592
5515
179
9403
2912
718
2966
9952
8112
3658
7469
1461
7145
4560
9862
1970
8178
462
8184
5813
8958
2985
4107
4377
1340
6208
9892
4072
7807
36
5894
2486
9956
2882
6779
7410
6402
9706
9363
8489
6723
8297
2071
3352
4239
6233
665
633
6141
8721
9760
4016
3274
8742
5029
9334
4821
5411
7587
1067
5088
6450
3881
6457
2766
443
2592
7905
1773
6815
1825
9622
1704
4471
6661
7656
3364
9147
7300
8377
5980
1770
557
797
3820
9872
9471
2620
2903
5118
4806
5577
9709
2081
680
178
5481
3031
7892
1444
7998
8479
1575
7132
6148
8193
6863
1732
7472
5620
1691
5176
7136
3774
7589
1177
8663
9648
829
323
6602
4000
165
7659
891
8632
8840
7994
5177
8913
9121
6908
1976
5618
5086
8359
9617
41
1828
9098
3932
8200
9212
4294
4391
8810
9065
769
7432
8611
7848
4359
1587
8179
8648
8519
3833
4903
2666
3844
9300
8634
7815
3796
817
358
3948
5409
1220
5433
7257
4870
3925
8277
651
3043
2051
9441
9738
8484
4042
7153
2655
6087
2922
8793
341
8848
1892
9961
1497
8419
5063
2369
5117
2529
8486
7205
5851
9343
8949
157
7525
866
8429
9061
4213
5593
67
9953
7674
7995
11
7498
736
1209
49
4058
3827
4985
177
3441
1250
9
8127
6754
8203
9543
1470
1345
8581
2080
5201
5490
3480
1085
343
2774
5746
5313
5507
7812
5907
5732
3280
8407
7324
3633
176
6055
6381
2688
9099
1520
6689
2269
2857
892
5419
6623
1445
1454
8394
8942
2955
6895
3342
3665
9625
742
1403
3555
3610
5066
6789
3569
7607
8571
6085
7185
2524
1344
8766
266
4718
2457
925
4064
7127
7730
9376
3228
778
1613
452
1293
2749
4465
7093
8981
1682
4761
1544
6583
9278
7684
7719
9320
1079
5686
1008
1100
8873
4699
3370
8308
8461
554
1666
1101
4872
5969
6773
9667
1148
2517
5311
7079
6926
3030
5461
7972
5801
2086
2349
5301
7645
5833
2607
1982
3260
8797
6751
4500
8250
901
257
9669
7106
4838
7889
5951
6983
8907
4300
2234
6491
3489
188
6911
4466
7923
3524
9036
6445
7363
485
4119
2820
5617
6045
8574
6990
4649
5136
4685
1692
8727
5431
8968
6412
727
9331
7274
4716
4205
6670
983
882
1524
3577
4982
2587
7775
1637
1876
9111
6027
2209
8434
2374
2932
9228
8085
144
644
2812
4602
7906
3714
2826
895
6651
9799
3291
3760
3255
2988
8466
2036
6930
5785
2757
5463
8384
470
3506
9172
7657
4113
9730
5323
8441
5280
9807
6953
5854
8129
5115
9542
5312
4892
2088
2816
9473
5179
894
2151
8475
9732
1238
6881
5763
180
374
3302
3919
6241
6824
103
8371
6388
1194
704
1683
3028
6521
311
1580
4367
855
3557
4363
7184
3184
6650
3586
6096
1819
3639
3748
9736
6771
2980
4867
2366
1437
7732
5089
9923
7391
6945
7880
1583
6483
3151
9599
9996
767
4762
3969
8454
4786
1183
2979
9488
6869
9547
3467
4385
6153
1624
8477
4126
8641
9091
3891
3718
8341
6408
1841
6900
4537
2078
1255
6492
2441
7400
1070
4571
7109
2875
2572
353
1618
9157
7377
4461
4498
6348
4968
6193
434
6698
9959
2579
3611
4326
1367
3375
4209
7935
7195
300
8504
2661
8161
4475
8763
2505
2859
5886
5167
8445
1283
1712
5986
464
6761
4881
8885
4086
5720
9383
9533
7842
6532
6223
5073
9700
5096
2983
9046
6701
5345
6616
8361
5549
5360
1616
3753
2397
2907
1847
7464
9653
2098
4800
7922
7393
5563
6244
1060
4961
3034
2055
4448
6189
5945
7045
2869
504
2900
2479
3567
3700
1339
9589
2782
371
1993
207
8381
4332
5178
3722
6391
8985
9938
7372
5320
4265
2827
7564
9658
4251
3052
1282
964
3538
2954
9846
7993
3687
3763
3334
9874
2182
8808
4453
1628
2148
7599
8322
4975
1151
770
6872
3694
2387
3300
4567
9495
2687
4298
9018
6205
8658
8185
8351
4664
5674
1947
6528
151
5012
3742
9070
5119
2205
8578
9875
7493
4760
7646
4243
3206
9802
5640
1064
9639
9087
2925
7387
9082
1905
4581
9693
3139
9734
7088
8292
1996
6485
1890
4114
3378
2635
7413
4734
9170
216
2885
3905
1930
2050
8861
2527
4705
6010
3607
856
4311
2495
6654
2291
5677
2110
6635
6966
4163
5213
5748
730
3491
2724
8843
9804
9356
7375
1013
4435
5393
6367
3729
5619
5816
4115
1945
2994
3482
6114
3776
381
5385
7942
3312
4337
961
5780
3734
8747
6389
1706
977
9333
1693
609
7649
8483
973
9946
307
1441
2595
1019
6300
1195
7592
560
2940
9520
9284
8266
9727
251
8590
4159
6937
8002
6297
4007
38
4909
1984
4393
2460
100
6399
7985
3084
5579
2488
5139
9827
7345
7654
4920
666
6416
3188
5041
174
6727
6056
4546
3762
4645
4541
5767
5736
329
3091
7296
7338
7266
4433
3385
1743
8857
9815
1571
3144
3591
6110
6818
6637
4244
999
7912
3841
5021
321
7453
129
86
5184
8782
7572
4490
7430
5307
819
6227
9976
5623
4564
6919
4791
8764
6449
6744
1735
4561
745
4157
9402
9063
9643
1377
230
8313
2928
2127
1097
3131
6409
2855
2990
5716
1696
4054
6850
489
721
868
285
6446
3959
3403
3666
2832
2897
8846
8986
7023
4888
8820
873
1023
1521
3904
4186
3660
7454
4245
5543
1794
6501
5266
1784
9917
4269
6683
5639
6161
1460
4616
4065
8202
8835
4721
9659
8285
6093
3770
4956
3602
8049
6050
316
5815
2689
7000
7509
1063
4580
6073
8818
1523
5645
6866
6316
3576
5358
7795
7423
3990
3143
3456
7709
1022
4520
9138
9047
476
7178
7155
8428
3499
8660
2899
7678
1166
2041
7115
7112
3329
604
8917
1710
9048
2906
1224
9674
7015
1329
8990
9167
5904
7161
5931
8792
8539
3224
5520
2858
2172
3920
4175
8954
7687
568
5676
8772
4439
7528
1654
5002
2087
792
5796
1638
9396
7638
6924
1810
250
8
1141
4420
9880
8828
3698
7254
5135
9328
781
5944
7523
7516
6973
5759
9277
4380
916
515
2677
1662
5610
2516
4910
3092
7983
5087
3036
4848
5351
5519
373
3394
4167
8030
4001
2415
4875
4981
205
2692
1308
2958
4331
2380
5308
3495
7438
6302
3537
7720
5291
2033
4011
8872
1163
7301
7367
2674
5195
5173
6903
4820
7034
5999
7762
807
1542
3009
9217
5238
906
3514
9225
1593
6913
9299
5873
2643
8963
3780
1880
1865
1745
8427
2936
2389
4552
6684
8493
1182
8402
9765
8422
5654
6821
3732
1595
8705
5189
4507
1889
6708
9859
1671
8412
5003
6232
5366
1127
5539
3561
6610
23
5653
9927
2095
2398
3411
1919
8078
6482
8316
6469
5363
9891
8850
6423
9556
3388
9586
2697
8599
7642
4098
4749
2809
1265
6303
4229
8045
8290
2764
8684
7130
9344
3868
2339
4912
7126
7536
2301
796
5069
4172
4219
2122
5840
4740
915
3851
7819
6755
6928
7809
587
8132
3377
9425
7078
3968
5326
7794
5808
113
3320
2696
5333
2624
1421
5075
7357
4869
9239
9401
3876
6865
8957
5014
5635
8328
8494
4660
4714
3975
1541
1700
8086
3339
1694
3020
4021
2506
355
4638
2306
3816
8536
447
7833
1549
7718
8123
6025
1915
9412
3205
6736
6958
6427
547
5094
99
8126
3227
3197
3083
4208
857
6057
7893
6133
780
8516
6621
5701
1222
5858
7071
876
8620
1920
1529
7846
951
4694
4497
9629
3459
978
1763
7273
6514
9049
5949
3432
7532
4866
4798
3552
5040
6674
4410
5379
3264
9641
3785
8363
4447
3518
1929
7701
2170
2526
9286
4962
3221
5963
3316
2663
9719
4365
3650
8752
5187
437
5402
6384
5381
6691
6668
4085
4131
4051
362
5155
9947
1967
4360
394
1374
3880
5153
5615
448
6375
7125
5517
5532
7280
5704
3810
7179
6920
5334
9785
8010
625
9936
8063
5553
7751
8744
5232
1418
8645
2140
7333
1965
1973
4898
6893
2155
1225
6702
2997
6094
8891
1113
1442
7042
8219
3220
2031
5562
2273
6472
9095
7049
9486
3416
746
2075
9642
7915
9733
7226
3778
2597
904
6571
8080
6034
5188
5255
5797
1720
4698
9078
6243
2534
784
6639
6245
1845
8150
9818
830
3268
2332
7598
5856
9496
1416
2062
624
4709
8311
4793
4189
9301
4368
2186
4078
9194
5525
3548
6169
1009
6652
4314
9773
9209
7124
6075
1419
5788
1074
8172
9197
9242
2851
4794
8780
7269
7958
4053
4559
7196
4825
2402
2300
9279
7495
5529
123
1164
847
4349
9746
175
5032
3309
3088
2280
6647
7378
8491
5048
6364
6998
9476
4914
6365
9769
9332
7837
7778
993
7928
7024
7103
279
6334
3027
5478
8333
8566
930
5437
2609
3278
8331
8323
2703
6537
5516
9741
8576
7930
8823
240
3270
3392
5928
2776
4915
4125
8637
5923
3125
5110
5703
4661
7057
3194
1972
1728
7120
1394
9655
5648
3343
5009
8289
985
3445
3492
1803
1935
2681
1391
765
2502
3526
248
6554
1808
4593
5085
7272
8602
6247
4147
2118
2192
9140
7335
404
9878
513
4807
483
726
6295
5853
8716
412
4450
6648
398
9618
1354
4375
5230
8960
1854
3988
3479
7860
8738
7688
709
9310
1754
6706
1312
7427
1167
5912
5599
9191
2719
8532
6745
2562
3805
186
8935
6921
9280
6309
4515
6826
2767
5383
8888
1117
6072
6509
7909
3934
9483
3540
4608
5318
4056
5112
3003
4952
148
9187
2830
2644
3336
3148
5349
1584
881
2105
6544
6577
2395
900
1717
2615
4392
7402
5994
6985
3578
7291
2276
2378
6074
5956
3505
9004
9260
9711
7198
2531
5172
6187
777
3862
5191
4766
956
6128
7151
8238
4279
3908
9017
9817
3177
5130
5604
7365
1615
1011
6016
6331
8016
4307
236
525
5
2177
5472
7339
5630
6215
8011
4621
2314
722
1505
4495
5424
1910
5798
7435
9984
5171
6669
5632
5399
4275
1213
4991
7221
2341
9481
1902
1242
8098
6561
5428
8525
8515
1490
9718
4902
7817
8755
9384
1435
2263
5596
7417
3032
63
3192
5995
1014
1572
5965
3523
8418
7101
6415
7600
1395
1301
6604
4597
2111
5370
1450
1896
2578
8695
4148
9886
832
4539
1874
8601
2000
9731
5721
2651
570
2326
3985
1071
4972
715
2229
4198
1657
3533
5438
655
120
883
5872
9830
201
4150
202
9581
917
2010
4381
3615
9097
3327
9188
1002
7650
2265
6550
4748
1821
2247
1406
4726
2642
5340
8778
2721
2315
8699
4933
4606
5211
6955
1321
7980
2168
943
3912
54
3179
6949
9566
7614
6171
3888
6179
533
3259
5883
7235
9500
3622
191
762
2194
1409
4651
2145
6795
945
2038
8758
7623
2244
127
395
9413
9895
2328
7879
3322
2282
1150
5272
1695
4939
1054
3801
5226
2734
76
3186
6986
6080
1351
2032
7577
9144
9532
4637
9327
7470
9699
9795
4569
2545
8853
181
6992
2813
4235
8089
2443
1774
4419
2616
8910
7597
314
6476
7445
6204
6747
420
9848
4973
8844
6803
6951
5300
9930
1496
6726
7394
4639
3856
7062
561
7619
5208
976
1716
104
4344
1772
8215
4629
2770
3167
4790
8334
9501
5565
96
1748
8279
2792
6097
9983
2316
9715
8945
1788
7420
8409
8549
7473
8884
1049
1449
4566
9812
5296
971
7813
7639
9986
1185
7154
5776
8318
7486
6318
526
94
5302
2418
4947
7358
9390
9305
3207
7284
2512
517
6875
5458
1590
5900
1411
711
2536
4077
84
7076
3097
3426
3858
1001
6929
8588
3045
962
9246
9979
7811
7746
5315
9663
1169
564
6325
222
6970
8882
4735
4135
7167
6613
1730
4711
7973
8077
7569
6757
1557
6898
1797
8128
886
2727
8190
1016
1482
3794
4081
1765
4918
5039
3073
6026
1256
7293
1448
206
487
9881
1839
5494
8743
2999
7002
9855
2101
6248
1796
9180
8447
3917
708
588
5751
3686
8122
4815
2553
2112
4999
4925
4634
3301
828
4769
2262
8192
6065
1355
233
3486
3945
7884
416
7836
1295
4462
8837
1316
214
1040
5354
7885
9853
2284
2707
8229
7474
5100
3702
1307
3825
8499
8537
9784
5364
8090
6339
2987
5909
7808
6997
1554
4751
6901
4164
675
2619
2044
6307
9370
1958
9262
5265
3271
6021
3510
5287
4958
5294
2739
1903
9125
9159
7573
4421
4165
6871
52
1769
3616
2931
6892
6740
3288
8173
3033
7171
4630
1489
5884
7744
6216
3247
2015
7714
3511
3424
6591
8136
2556
8204
3345
4221
3076
3546
9914
5777
2467
4607
987
5199
9259
6462
9605
7887
8552
3864
1943
7904
9820
4320
1272
4816
8583
4336
6994
9806
9698
4308
6405
814
1944
9303
9596
392
8794
8833
2866
2305
6600
5298
7279
9193
703
1027
2458
1750
5561
9948
3195
413
6640
110
146
8757
2026
350
4773
349
539
2699
9009
8137
4684
8879
7025
1373
1372
2325
5906
5095
7446
3598
3579
9612
928
1486
6198
5581
9011
1417
2082
1622
2501
9179
1294
7016
1327
6470
5877
7439
9831
9560
6556
1424
887
9378
3440
7613
1550
5916
9143
6185
6790
5607
8666
4677
4032
8415
9548
2941
1
2933
8771
6047
2296
6861
4802
5855
7761
2490
6641
3910
8425
9323
173
6030
7206
1922
9051
9838
4100
5006
7003
1443
4110
1994
9714
4105
3642
2962
3878
9025
5105
2476
6301
5253
7069
9166
3269
2589
1781
3791
6293
21
2220
4094
4201
5264
8217
1932
1826
1962
6720
1887
2360
4236
3232
5503
8024
1565
2884
5706
3509
8400
7398
6766
287
871
600
2747
4469
6330
2158
5355
7679
4990
9678
9408
884
628
8056
3262
3069
1223
8264
5026
9926
510
1245
1878
6763
9671
5418
5485
7405
3182
7321
2413
4
2794
1156
2842
3103
2487
1708
3079
942
3261
7215
8281
8309
2317
3612
6664
8458
7562
9555
6486
4288
2510
4472
8670
8946
591
611
7461
2083
5285
6322
9296
3882
6127
4468
2037
2872
9869
6385
5637
6659
4878
3433
9134
3958
7500
6173
9388
4073
5098
8014
9355
5985
8860
7706
1025
6941
7764
1950
1974
4665
6988
5368
8083
4341
1065
2783
3172
5207
2432
5847
6947
2671
5675
4853
4429
2675
7359
1415
7696
6586
1651
5497
465
1205
1328
8004
710
8643
8506
5805
5164
2331
5921
7123
1129
7804
1306
1581
931
8591
7917
8144
2377
1320
5998
4144
3927
3609
7557
12
7919
66
9484
40
1337
24
357
9163
6053
5047
5982
6778
1172
7704
8751
3217
4715
7749
2949
9206
3089
2564
9490
2673
782
5111
9169
3471
3892
4717
8803
5025
9162
2356
2496
9387
4317
9673
7484
1886
7174
9107
3693
430
2908
7990
7908
7267
6984
2807
8997
2478
4701
4996
4844
292
9314
7097
6525
1453
3739
8094
8745
6274
6265
8528
9903
4764
1134
5456
73
4496
1048
2084
7943
9096
7542
7173
3790
6502
9530
2097
5690
8944
8852
2751
43
5451
232
2046
4035
6222
6373
9365
7160
8520
1913
7283
4080
9150
1901
3601
5823
8448
7105
4234
5236
5071
89
1752
4592
4343
3238
3298
2144
1439
1106
5126
9595
6108
6181
7999
4618
3593
3460
5376
6667
5758
1534
2817
1090
821
8909
1268
1161
5576
3871
2628
5689
62
2133
954
838
6431
756
140
136
5083
1623
2139
4723
4884
8959
2591
2896
9288
8186
9200
4983
8682
5209
4214
428
5663
35
7208
1481
9813
172
9528
338
2763
7835
450
7783
5205
8577
574
9955
1552
2290
7796
2660
3105
2492
9337
6180
9122
3448
6371
2248
1412
5867
7457
5768
6453
541
6231
4603
4605
5962
7987
3807
7347
1073
137
8651
4998
3284
6107
4916
8133
7553
4093
1175
1663
8842
6184
1570
7540
8092
8636
7630
6524
6572
3198
2712
9768
5038
2461
7343
621
3398
6092
9968
6281
8284
7317
4768
2068
141
1861
7465
3984
58
2759
6304
75
1804
7733
5817
9742
684
6931
8612
9233
508
4796
3190
6581
9252
8106
5316
8167
8145
5251
5263
6432
8735
9090
8355
7315
3596
1314
8247
5601
6220
6254
1653
5427
4774
1359
7545
4334
5221
3050
6031
5891
9067
6728
7806
8630
8404
4893
5245
6002
6770
8714
5631
7511
1094
3947
7362
4088
5372
8235
8906
3474
5667
3108
5408
4374
4090
1660
7382
7441
3515
1280
2864
5687
6534
6418
3383
2450
5257
8262
8354
4240
4224
8157
4321
8616
529
3446
6451
5826
5049
4444
751
7966
7611
8383
7074
9668
2656
9737
9907
8115
3675
1190
3606
6126
1971
6796
7157
7851
6013
3087
4412
134
8368
7651
4370
6157
2918
4505
93
3488
1430
8194
6792
5005
8869
2843
1731
2996
6396
6912
2024
5606
7793
1455
6891
4003
8299
9466
3960
1035
6046
3803
6939
9066
775
7471
1380
3429
6358
2557
520
5571
8482
8951
3107
6612
5493
1801
9889
111
5538
6962
2419
7711
8168
2362
3534
6467
4345
1836
8023
9935
6440
7383
9437
9740
575
6207
5669
460
8554
1093
7150
724
5864
9362
7832
950
6266
719
5761
7489
3090
823
8120
8773
2052
3242
2778
5542
6495
1553
2322
70
7213
3854
7263
6315
4730
4573
2898
6029
7409
7590
7786
1037
3346
5930
4223
938
1057
1655
5747
2275
6611
7702
4445
6540
6290
2748
9404
1109
1228
9255
8160
9281
7506
5943
3110
2919
9268
4274
8298
2146
4479
6688
4908
6797
219
7743
2890
492
1198
4304
9969
7877
303
7361
6438
4264
3866
725
2022
1726
7177
1635
3847
5592
1052
2003
9192
3249
5079
5362
6186
9470
4544
6538
5793
2417
8417
5256
4291
9449
3817
5697
6500
4799
429
3741
2920
6542
9020
9357
7340
78
7202
1204
4526
185
7686
372
6601
16
9349
2013
927
9631
7855
72
5416
5602
6497
9778
2718
5513
1888
8813
7829
5702
6139
4953
7070
7574
8927
2969
9992
8209
5753
3998
2237
4233
8947
4270
4922
6068
9692
7021
7008
8523
1540
4202
7759
3085
1859
8177
7229
2991
861
4301
6352
1192
7035
9177
9448
3202
7243
6028
1254
8171
8653
4417
2571
8503
3390
4858
6437
9908
8079
939
2481
9419
5738
6007
2786
2715
5371
7082
686
3643
2641
457
1782
2104
9409
4476
532
2738
2959
1508
2355
8373
2019
3926
4596
6527
3522
5665
5825
2533
4524
7527
7745
806
5713
6756
8918
6444
3210
4772
6718
197
5650
2384
8508
7513
1399
7625
1766
6562
6296
4272
6310
966
1893
2754
3777
7158
6721
7584
5134
6552
3112
1639
2447
9805
309
7064
7
7497
851
2382
5074
7354
9987
9963
3690
8364
7655
1305
4787
8776
5953
9973
8709
2250
1459
4232
9810
3781
8817
4521
7945
5834
4531
9559
4409
7237
9997
77
1891
7524
6686
227
3419
4128
6496
1108
3600
423
3010
1827
5106
4852
6253
9594
1640
1551
6846
5959
3428
6519
638
2372
3630
3068
8948
6849
7379
3349
1425
5475
6940
6305
3746
2659
2491
2670
1199
944
2106
2354
1287
9238
1231
6608
5868
4601
4179
4206
5585
740
1627
356
4324
1833
4826
1843
1243
4736
6948
3717
7276
5541
4896
8768
4880
2310
7754
9518
8241
8497
898
6523
4477
6043
1429
6250
5849
6938
9756
1559
2347
5718
3457
2691
8000
3183
4372
8642
8254
6257
411
3848
2698
8148
5691
683
2474
4938
3297
2683
5001
143
1059
6653
8707
454
4117
2063
2923
6657
2577
242
4977
3768
9102
4204
4454
4604
2482
3355
5305
6259
8940
6979
2664
581
68
6499
2448
3401
5879
6481
2733
4535
125
2992
2507
9007
1740
5742
6404
4586
9790
9077
8931
9176
6278
640
1569
9705
7583
3653
8480
7308
445
5443
1208
3337
6236
5350
7066
5643
7189
9041
5938
4426
422
5097
1390
9786
2357
6221
8998
2552
6033
1949
6439
8061
25
1458
7753
8925
3347
673
4470
1171
1478
491
3867
7620
6042
4555
3769
5122
379
552
4771
5968
7268
1759
559
7334
3463
5258
9633
112
4643
7568
4545
5862
2212
9721
1323
1149
8551
7897
8047
9307
714
5745
9247
9361
1978
1003
3798
531
6785
8724
4480
1818
9023
1139
183
582
4268
3705
2804
8919
4310
7028
4481
2701
1885
6119
4396
9371
2775
6081
965
45
578
2329
4267
8762
9151
2219
6943
3170
8822
3889
2388
4978
929
3855
8385
8257
5728
6493
310
3397
330
9008
2352
8697
8103
5711
5361
6776
4132
6188
9728
5712
3544
2789
200
3162
6488
1066
687
8943
5158
4129
83
6067
9512
9934
3954
8220
3560
5310
9868
6279
6342
7771
2166
6020
6363
5662
527
9261
5217
3341
3214
4352
2445
8962
7827
3536
8767
3545
3608
7963
5329
9847
2321
2102
4276
1120
6878
9585
9354
3842
4154
538
6732
8325
2426
5390
3966
9919
5342
4565
5769
1877
766
208
3359
8358
4139
5470
4708
3811
5523
4340
8978
7396
337
5460
9572
6282
5926
4553
4428
4271
4049
9991
4012
7890
1547
2222
728
4403
1574
4297
960
8733
4023
1719
2713
2455
1229
267
7677
7857
3005
5435
7210
5239
7558
4647
3588
8920
9014
9026
3304
28
9749
4388
1744
2386
2252
5731
5830
4813
6666
9829
7752
783
8421
9053
1210
3231
9040
9386
5417
4060
6960
907
2364
2853
8881
3997
2639
9104
4707
3539
8467
6592
8815
8189
1083
463
2267
7113
7938
2361
8890
1829
6993
6273
8310
2096
6397
6209
456
656
1358
9135
4733
2583
6009
3501
1200
6884
7431
1697
3699
3127
1235
1212
3953
6183
5101
9085
5661
2288
816
5835
2123
735
8824
9882
1834
7381
9951
2613
3257
7092
3987
7490
3361
2685
9696
7713
4156
5505
7149
1931
3307
9195
3893
7780
5737
331
1589
9545
8130
6079
7739
9835
9679
4632
6163
2904
697
632
3357
4576
1510
3204
2814
3907
385
1918
8796
6811
7916
8008
402
6752
9313
5651
7874
4785
3744
2470
3830
1578
4222
5800
9034
280
8560
5160
6214
95
3476
5114
147
2218
6904
9295
5394
6199
922
4162
7695
4510
8912
6276
1582
9634
6255
1385
5337
3113
4411
6737
8327
1241
5150
3799
7044
8598
8562
4670
3273
3648
3449
7148
9905
4890
133
2819
8923
7460
2107
1239
2150
7956
2393
2728
1548
3902
1297
1352
5811
6510
2504
4263
6980
637
5321
9716
5185
867
5377
921
4974
8845
7698
1975
2320
8119
6671
9364
4667
6246
7612
919
9397
9429
8999
6972
7442
6735
4917
4499
3423
2428
6011
322
9664
3335
5267
650
593
7261
4048
1309
8698
3469
9294
9722
6743
1136
4168
5234
8871
3384
4663
3303
5670
947
3821
617
6804
2760
839
3455
1669
7705
5903
5137
2693
808
3952
8342
3330
3721
5843
3860
9457
4779
6012
3852
1642
9748
1034
7914
6134
8393
1494
9013
7869
521
4859
8087
2787
669
2264
8617
9199
5007
3180
9124
3814
9666
2598
9888
27
9027
4900
7022
8529
7970
9158
1335
2839
802
9282
635
1371
1907
2464
3002
9978
2810
4173
809
1193
7920
6788
4022
4122
7768
7203
1298
1436
5729
2684
7710
2939
6585
8274
7249
3437
14
5966
3236
7814
7389
8597
3041
8440
9522
1180
5181
6954
2030
4840
8683
7647
8455
2849
9626
9832
3136
2716
3222
7146
3475
3157
3137
3208
936
8243
6292
558
3656
5269
2233
8594
6170
5990
1701
9258
801
3126
2239
5876
9367
9592
6022
4415
872
441
9825
9273
2801
577
9321
2880
9452
6176
1884
9609
2702
4713
8296
228
7364
9021
1055
5013
5246
2472
8556
1251
1835
2586
5594
2679
2528
9136
9636
9184
810
6049
8769
8558
3613
4351
5466
7788
4406
6312
7063
2588
7658
4242
5216
3923
160
2971
3684
8908
4008
3477
2580
1467
7585
1988
5200
91
700
1883
5779
8154
1729
8859
7087
6769
9108
3574
795
132
9377
3749
7061
7742
2852
5839
8436
5760
4868
6069
8162
8649
7669
2074
7327
9142
6536
5922
8753
4577
2968
1132
678
9480
3279
7007
6522
1527
8124
3946
6275
2535
2318
8442
7481
9460
5491
9127
5421
1207
1168
4383
6545
9289
9821
8898
7169
3138
4040
378
4293
937
1603
5555
2159
9436
253
6155
2302
5290
92
6535
7850
1006
6308
5125
5629
9561
8608
9243
9220
3121
1044
1341
8392
5053
7247
4389
6685
2909
192
3123
2780
6040
8939
6835
1262
3631
6145
3317
8433
3737
6196
7429
1659
9911
3712
1573
2414
2808
6694
5770
7056
8928
5626
1378
8665
4967
4780
953
6478
9844
6764
4183
7729
3716
3789
2120
6848
6832
4753
4995
5064
8836
5197
7370
3458
5270
7552
6696
2998
9139
6288
8326
9863
4731
7989
4644
2281
9382
9535
6551
484
6477
289
3771
3101
2228
5863
4562
4591
436
7798
9462
406
7501
3691
6807
4278
5065
2454
8575
3736
2225
6014
5603
4911
7514
8343
3145
7676
4402
2593
785
826
9038
1936
8468
3216
8974
46
2854
2115
7091
8206
6663
4538
9465
5514
5016
623
7253
2509
8300
995
2638
3118
7901
6345
1513
5989
9267
8748
6678
8555
6354
2881
6260
2433
3590
1392
5521
276
6840
7055
4833
6981
2188
1303
8305
941
8029
9482
6816
5757
3999
7199
9210
1940
490
3875
6762
1698
914
1401
1777
1219
1249
9182
6512
2117
8463
7932
5682
5403
9132
8667
6456
159
9415
3493
9507
5535
9010
4626
5508
8878
5719
2141
2403
3200
996
9850
2048
5278
2241
1556
6896
6441
8052
2008
8993
757
3521
2978
8657
2575
3004
4460
3042
8043
8847
8522
481
8987
3689
5861
7971
6606
5072
7629
1840
9554
5018
3443
6876
7603
1668
3161
8324
8149
2213
8228
7140
9120
3326
4741
4108
5509
2924
8416
2555
7576
5010
4942
4295
3235
1302
3507
3037
8627
2383
952
3621
4695
8656
5710
9434
3929
9576
6874
8205
8035
8399
6888
6614
3021
3315
87
1678
9751
161
449
6819
7700
203
3174
1214
5284
9079
346
661
2523
3248
1350
7863
7750
8976
5679
3761
3314
5359
5942
885
890
3565
6475
3646
2521
278
9423
1924
1643
3704
3556
6786
1598
5044
8212
8187
6498
4123
6570
910
3887
1533
3325
3626
786
4152
9932
7820
4104
9941
3185
9916
386
5445
3425
121
3913
8199
9744
789
7559
1366
8825
461
3935
8278
3527
9852
9798
753
6697
9593
7616
254
467
836
9793
924
8580
9637
1348
3977
6113
9676
7519
3550
5976
5452
1102
7440
5895
7952
3924
4404
9094
6681
5346
8207
8995
2568
6336
4292
9950
4830
1263
4212
9373
8625
8170
1405
9074
579
65
6749
8605
3134
2342
1260
6159
3243
811
7029
8514
6989
1596
8065
850
2211
2705
2049
1361
1480
755
7282
9348
512
7617
1464
8153
9173
3740
7886
4689
408
9416
2530
6825
114
2750
4200
1611
8431
9527
7716
6460
4395
7586
7406
4672
2726
6760
7626
7329
8388
2072
3896
3513
5726
3752
8110
1384
9418
7830
2755
1647
7844
3057
401
3725
1567
968
145
7703
6212
4328
9707
8395
6738
613
4067
608
553
5591
5889
1290
6837
2629
5484
7776
7965
2559
758
4763
1387
4096
7194
1005
9745
6717
5465
3553
9130
4142
7122
5846
5469
8487
8994
6829
8031
9845
1999
599
5837
5317
8401
7641
5778
8613
4036
5037
1562
7531
9640
4014
8237
6622
3158
6099
8541
8012
9787
1512
2025
9088
7627
7628
4646
8432
2175
7692
6420
9381
3707
9842
7098
4891
6136
6210
6995
3996
5683
7529
1908
4170
3809
3233
9474
8222
4823
7672
8376
5422
4783
6003
1516
1588
6190
729
6197
5489
2289
9627
6573
283
4284
6957
8075
1472
9274
7075
7581
5991
5947
1707
2540
9526
3039
1197
3313
1934
948
4954
8795
6379
51
6362
6808
1563
7466
1986
8827
8568
7631
9372
2257
368
9256
6844
1135
7769
6692
3944
5972
9309
869
7134
5055
9292
4452
8069
3747
9954
3015
2634
4457
3058
7232
5649
1310
4710
7818
8542
7004
3040
2793
8615
5289
4907
1585
6268
5755
5076
6111
7271
6474
1746
9677
3995
5286
576
5099
1463
2795
7609
1232
306
2469
5684
8076
6883
1923
8926
9606
327
2541
6594
9064
7207
981
9508
4257
1981
3318
9505
1680
4622
920
713
8686
496
9123
7541
4857
1343
6417
1315
2017
1051
1798
1276
1904
4237
5281
6070
8677
8332
4280
2913
9181
5148
9347
9391
3275
7667
8360
7242
8629
905
9380
723
7384
3869
6624
7193
7582
8557
7670
2879
5773
6270
6857
2091
1382
7434
7537
764
955
8064
298
9823
880
1099
9615
1474
9920
2825
9843
7510
3840
4230
2079
8410
6089
749
2834
3373
1244
2765
4467
9750
6902
958
2191
6036
5987
8074
4044
3024
3962
9800
7312
4485
4020
3964
8027
4595
549
9808
8996
7447
9056
974
3659
1234
4440
31
1261
9816
3900
4207
2976
4863
3362
7259
3743
8040
9628
4882
4662
8914
5888
4227
1165
3022
3154
8338
5954
2800
5471
304
3605
2910
9906
7356
7977
2134
5937
1036
8595
9603
3164
2608
6590
9981
535
5666
2365
50
6555
1641
3773
3367
8633
1047
3321
7721
4682
126
7984
1838
6162
9591
6242
5288
1658
5622
5347
8618
7047
2007
9822
2889
9406
2420
4550
405
9791
804
6546
7305
7006
696
2373
5807
6529
7407
9893
2902
3818
3431
4778
4356
5070
34
1906
7086
8604
4451
3239
2781
3141
234
6675
171
494
4145
9203
3941
8244
4525
5750
3754
5467
1196
6202
5454
9044
5206
4598
1173
5283
5827
8227
3974
1211
8725
5058
8788
3418
9623
5512
8726
2337
2631
9780
383
8687
5526
4254
8754
9933
4379
7467
2327
2163
8057
1867
3287
1614
4993
4079
6051
8533
2744
7191
7186
8740
3007
3409
6343
4137
2304
9971
6353
4828
3241
5476
8511
4719
2888
4193
2042
957
8900
169
8391
7947
2975
4945
8622
7643
6351
9265
7954
1800
3417
7014
1336
750
963
4366
3745
4055
7316
6262
3641
6098
1670
7550
3808
2984
1602
5487
772
8798
5462
281
5175
6547
9990
6283
239
213
6239
989
6058
7951
6716
4697
8585
3265
6619
4190
2422
8548
1221
2171
6758
9055
7682
7228
654
3644
2916
2126
1858
5480
4112
8741
9019
107
9002
4600
1749
433
9833
3572
8093
344
2285
4899
9468
3850
716
9758
2569
8964
6149
8032
8969
2346
7530
5818
2518
5875
8896
1690
8101
3074
8531
7032
4732
1471
9374
5964
8038
288
932
4127
8259
5829
3481
4305
6048
7443
4819
4530
3371
7426
5693
583
6256
648
3979
676
115
119
1785
7041
1226
3865
5578
3380
5929
269
7699
1215
305
7867
4750
8938
5146
8673
5919
2953
4831
4033
629
5332
7967
4039
6838
6925
5502
5913
8706
3750
4836
9317
3554
4188
163
6038
5887
4474
7192
7802
7499
3277
6526
5880
6333
5142
9743
6394
9851
4281
5899
4969
9089
3156
6465
2423
1178
7975
9369
2605
3943
1789
8904
1679
5625
4180
7969
7861
6530
1721
9898
4518
4668
3517
4378
619
9939
5227
1555
7496
5133
6430
5567
2567
2499
252
690
5609
6272
7350
9237
4770
5242
9766
7211
773
763
8834
9789
5459
4247
6327
3109
3853
1832
5771
2069
8214
3685
2640
8723
2230
2054
9739
2308
9086
7864
4832
7036
1960
8072
8614
2493
8068
9885
6337
414
5725
6933
6421
7114
1577
3018
7870
3676
1069
204
3168
3731
88
1270
4752
6123
3366
6287
8883
3671
4286
586
8156
9811
7311
2566
3973
5468
4686
4149
2216
7615
7773
3230
8116
2435
7459
1979
1278
7325
774
2039
3542
3102
8550
5162
4197
4482
6023
7487
5453
9272
6115
5161
8464
8854
5008
9894
8862
3374
4484
803
8430
7535
44
7866
4747
6643
6032
9118
7648
7608
5809
738
4262
4401
1522
8164
8449
7223
1764
1091
3701
2210
5664
5474
9178
3558
4464
8345
3171
2822
2129
2886
8600
1738
1941
9174
566
4327
359
7166
6950
5749
6860
6360
8251
9453
3629
6121
4248
5132
6712
6192
2824
9588
2514
6019
8711
3473
3500
3225
9580
6759
3594
9726
7081
7691
6609
1672
5268
7258
4932
1206
9517
8476
5482
9942
4384
8989
1586
6088
109
2246
9189
908
1393
4578
7560
7873
6344
5700
1626
6569
2515
295
2224
7858
2614
6039
333
7748
9137
2484
33
5783
9763
1722
8301
5917
7544
1954
326
9856
5598
473
8799
1715
4348
7571
3822
9245
5043
8201
9899
1561
210
2385
8034
3551
4052
7059
8501
4153
4633
1233
30
4399
5584
7033
2710
9619
409
7664
9100
7591
647
754
7937
5528
4187
9690
57
2768
6812
446
2720
2232
2190
7593
8437
6977
2594
81
3614
3159
8084
2771
9324
4041
2125
7187
622
3219
4299
3086
594
1921
7575
6894
226
477
800
7281
3372
3077
3909
5314
590
5335
3196
9161
3016
7957
2753
2425
9145
4690
1681
6772
7515
8647
9611
474
4184
1753
387
1033
1299
4260
199
4756
5261
7050
5890
1879
1247
2070
3199
3187
345
9422
9201
2538
440
7666
4963
8722
431
5786
4994
4854
1606
3444
6376
6200
6922
3581
5492
1733
2561
3422
4111
8352
4438
4744
9226
507
1509
1319
7907
2376
1029
8587
2646
9867
4527
3060
7181
7521
7162
9269
135
8717
3764
6618
3733
3155
3976
5950
3940
7644
9837
8140
5128
7637
8460
218
2358
4397
9493
2066
5787
2952
8905
4738
5844
2094
7422
3961
2823
3636
336
3784
9350
7774
3276
4839
1871
9494
9207
8380
8719
9723
3150
2942
8966
5850
7355
9573
3395
18
6150
4919
3386
9345
7546
6035
3115
9759
1030
8779
5248
1058
7926
6219
2173
7005
1939
2873
9244
2511
3048
7119
6206
1397
7448
4169
2546
1786
4155
2164
685
4934
5799
7854
694
212
138
7332
5545
152
5165
6131
840
3281
4434
1632
7437
663
156
1332
495
2803
9204
1530
4373
5033
3038
3584
7853
7072
9257
8961
9057
9695
6117
1388
8443
6314
4775
4024
3890
6052
8972
1911
2408
4519
3634
8474
400
5819
2261
9411
4885
1216
2483
7089
8236
4494
4246
7270
7320
7792
3391
9809
501
2045
8691
3824
5028
7894
4136
9250
9660
8055
7214
7859
6996
2618
6387
2053
4458
8897
320
7534
1955
8315
2870
419
7204
6632
1997
3306
9913
8469
2686
2028
478
980
6665
4099
8524
2982
4671
4727
9084
8841
5612
9469
246
2911
8114
7102
1237
8934
7683
3289
7997
618
615
1813
9929
6794
3525
9638
6129
8915
2350
8121
7663
8770
8838
1644
5212
562
5486
2
6854
168
2195
4255
61
1870
1863
572
7939
3652
2463
5685
6673
8348
5878
3668
5149
2649
3165
7831
1507
3845
3081
3365
22
3338
3595
1842
7685
4074
2023
3399
1605
3447
7662
3014
2416
2196
6320
592
6605
9735
3400
9774
3465
9153
1296
293
6347
7138
1119
3678
3082
2815
5708
5303
845
842
2343
6753
9779
4302
3795
8280
4688
1145
7421
3918
8932
154
6593
2576
9945
4624
2466
7918
498
5722
7821
5382
3487
4687
7996
7941
9849
7053
459
7543
1041
5430
9472
475
4897
9624
2769
864
9297
9900
6004
4792
8877
7502
1152
7871
9604
8930
1056
2947
1342
1365
8470
3407
6235
5275
4636
2623
6182
5384
1004
1645
5404
7298
2779
3647
468
4361
7671
7925
2436
7988
7518
5647
5628
7147
3832
6479
8353
6886
5981
5869
1413
2995
3617
8181
1517
677
4259
315
3815
4696
5183
1665
7548
231
118
4584
4804
8713
6508
8545
264
6289
5582
1125
3292
6369
8496
6968
1811
3683
4109
4617
2708
3720
4653
1375
9654
4256
2585
1718
8626
3723
1500
8784
4894
2404
589
4928
6378
2806
8903
969
3285
2690
537
3575
6580
2973
4062
3730
4354
2956
7302
4422
4906
1174
4620
8572
5081
9329
3405
1985
5241
8018
5935
6063
6817
2187
8041
2255
8856
6382
4220
1389
8971
5583
3618
3305
6164
5271
813
9342
9455
7314
4895
8736
9456
8715
9458
550
9578
4873
451
6516
1492
9620
3111
6910
4941
6076
7412
3562
3310
4010
3266
2802
3931
8777
636
7724
4095
7740
835
9982
2633
3295
820
3430
4425
8175
9276
935
3181
2895
2805
9058
9221
3829
2730
4387
7116
3348
1959
858
5011
7579
630
3356
4057
3667
2662
6976
6695
5611
6000
8472
9445
8592
4196
8668
1075
3025
3049
3767
7737
5215
7779
4692
3568
9797
7241
3381
6285
2214
9943
5621
7310
776
6513
7505
5159
116
3663
6699
837
548
6553
1438
6982
8246
4285
6730
117
1948
3094
4330
7697
1266
5560
7782
9840
8975
6517
3051
1386
870
9621
9826
7601
6435
3823
4540
2645
7652
8406
1466
388
6549
1082
9563
3019
6100
8728
2790
4436
8973
6422
2723
5457
1501
6617
351
3715
7824
5775
5557
8991
8703
8832
3573
6172
158
9801
3772
5698
4937
7475
1010
7141
8876
4446
1431
6238
3064
6633
4582
979
6165
1446
9549
7026
9022
7415
6767
9546
3620
2847
2878
7351
1364
853
9326
7252
9405
8452
223
317
3175
3203
3978
9428
2831
9316
6064
3360
8676
6877
1951
4316
8051
8139
3592
5586
3980
8336
6156
5569
4075
3096
407
479
3133
6959
5061
17
1338
6615
3836
6142
1815
1807
6568
4704
164
7838
1604
5282
9398
3468
3695
8941
9028
8159
8272
2554
3332
2935
933
2981
8459
7197
1379
7480
5574
5022
6152
421
4216
4329
4516
6137
6890
8655
5696
8980
1739
518
7960
5319
5330
1612
3376
7736
8146
6062
2303
7212
5062
6448
3396
5273
2762
5254
5477
6455
8378
6725
2746
5410
1479
1546
2930
5145
1868
2917
4970
1998
5483
2313
8829
5984
4743
6841
8765
1543
9506
7610
2565
2254
1727
7900
1607
8750
659
2056
8774
6226
3541
3350
4965
9109
5551
3251
1053
1760
5765
7787
4511
6598
4889
2965
9149
15
2729
9249
5940
3886
5552
1714
9877
247
620
4568
2722
4997
415
6597
7309
2287
9060
5806
5946
1779
6765
2539
5550
2189
7791
1407
3682
4191
2424
9385
8953
2330
2617
7444
7390
1756
7766
2543
3464
8681
4824
6802
5660
1518
5367
4960
245
8221
3035
4449
1089
8894
6130
6579
8062
335
3874
2283
2841
3930
8700
20
4631
5692
3290
1767
3802
2035
9630
8669
3410
8288
302
2181
852
9432
339
6104
5898
6319
9965
418
4443
7693
918
4700
2650
3250
4130
6471
308
2582
2401
1758
3453
4253
3055
472
2891
8223
1032
8720
6942
691
990
8567
4407
5157
2573
4674
8248
2893
3672
2132
8438
695
5102
5498
8831
7805
6280
3229
9379
8105
4556
2797
6258
543
5389
9704
5527
4210
9287
2207
1292
9781
8111
6703
737
3783
9652
4323
2103
7020
8864
662
7770
2142
417
5222
8005
9389
4589
9420
6269
3497
7946
4355
8559
2299
262
9995
2400
8544
6024
4138
2061
991
3244
6359
7476
5501
8141
3965
8025
4289
6629
9298
1648
7019
9509
9516
8710
4691
739
5322
1980
3792
9146
8198
8606
7080
482
3098
1724
3406
8526
9271
480
8369
5624
502
1038
9650
4641
6909
4037
2829
6780
5927
2960
4809
1953
8097
5396
4855
732
2672
8163
5441
2059
1689
5373
4989
1427
4215
7386
4987
1123
1181
272
4432
3906
8816
7068
717
4781
4400
2961
5540
6401
7491
4092
3971
2018
2945
7256
466
5060
9219
5762
1115
6964
545
7810
5952
4430
5240
5423
7452
195
3582
9587
3735
7121
2606
1873
7234
1414
2444
1203
7077
3986
3436
9783
5988
8435
1383
6356
8060
4161
1699
9253
5093
1633
6324
602
166
4347
5202
9213
5131
3849
290
3566
1519
7285
2431
8180
4513
565
1284
542
6672
7979
4725
2570
2921
522
3071
1349
2240
7974
7755
9866
5129
1990
5865
4427
458
6595
7216
6915
9755
9915
7556
664
4258
2905
8702
3806
6991
8366
6217
9442
1347
5436
6543
55
2680
2160
4002
1817
4502
5871
1086
5918
5035
6724
4599
7326
5068
5958
9502
3149
167
4827
5168
6037
7046
7110
4390
6627
142
2740
2370
5231
5214
7661
1317
4089
6429
8451
7840
2574
9944
1895
3454
3983
7763
1933
6101
7707
1684
5108
1844
9962
743
7604
5220
5570
8408
2412
2286
8413
707
6313
3496
4856
2550
5250
2742
1031
3661
