9180
8963
7730
5619
7008
4711
4376
6769
5811
3200
7040
6321
6210
2600
7772
3289
2980
711
7596
6193
6266
265
5631
5660
2748
8373
2666
1290
9033
9643
748
4031
726
2842
3889
2048
4950
4799
3230
7955
7685
6141
9070
770
8615
2570
8662
3286
6560
2950
4831
4996
9879
3745
7742
4931
9910
4378
9599
2652
5413
5002
3876
2147
8992
629
722
6424
6047
4091
7157
1071
5423
9524
2957
8331
4740
4323
8138
6405
4572
8215
2871
67
444
1034
5536
4207
2053
2177
806
8703
1745
1164
2771
1225
8274
4623
2031
6190
4052
1200
7947
8438
7102
1594
4054
2879
7809
1138
7937
823
257
2071
2687
3856
3699
1414
1489
3294
491
4906
5245
3425
5495
200
3653
9246
8306
6466
4793
9637
3682
9452
873
3565
1271
5927
1945
4575
9421
9782
5086
6404
6267
4321
2451
7514
1451
6467
9363
5321
6437
6311
5798
9317
4543
9514
8470
7675
1183
6432
9503
2037
1661
5376
5969
118
5760
9320
7766
9415
1835
7237
7997
6500
195
3217
9636
5373
1978
3987
4939
388
4038
8321
5763
654
6613
8472
4049
8236
1255
3262
2859
3908
6898
7565
9766
1970
9074
1401
3235
9509
9479
432
1677
8381
6074
3869
8121
9190
2734
3809
7999
1971
4849
8948
8542
3011
4279
5903
6121
294
1690
9425
183
7656
3245
4173
5297
6055
4841
2052
3576
7351
8041
7966
6164
1681
5145
7721
9075
6283
2382
1080
6129
8836
8962
5102
2163
7250
8601
5314
7903
3153
5716
7233
3759
9248
5707
4643
3128
7913
7538
9448
4843
6934
4598
2459
8094
2825
1979
3702
4074
3581
9941
315
825
3632
276
7654
2820
729
5380
3250
605
1481
2281
8147
7454
2514
4494
5546
4573
5028
4285
5738
5833
2494
2312
2457
4194
968
311
3708
8649
9523
6561
5265
9513
6329
8431
3650
3387
7954
8578
8334
2749
3375
2480
4168
8898
2539
3305
7863
7983
8052
2404
8324
2895
208
364
2883
2940
5220
487
5509
1424
8166
2181
289
830
1472
6426
2809
2353
3516
6997
4025
804
3556
3169
8372
4676
1960
1222
6308
3064
9040
7544
8770
4674
8528
4600
1014
6773
9694
2662
792
2727
2712
7669
9783
8847
290
2116
7786
5826
9701
5954
5444
4425
8908
4151
2556
4440
8286
493
1274
1616
2418
1621
4887
7517
8860
8521
8788
8398
4119
7131
9785
1919
7805
2329
1715
1205
6956
6014
3713
1181
474
3298
4070
5317
1584
4504
5899
24
6687
5035
8356
8550
7244
3421
7982
6543
8142
3898
7112
2360
3651
3344
8810
1873
7472
3067
3345
7699
9688
4707
1851
6974
2248
7461
3190
9417
2213
1744
3796
5569
7309
5554
9494
203
504
2108
1365
285
2731
3771
3167
8250
3017
9241
1860
3684
1316
4082
7473
9501
4183
7490
4905
3594
9498
5522
469
4820
1853
3643
3501
9733
7841
2185
6138
5461
7516
9140
3769
9590
7495
4940
2875
4308
74
7719
4727
2763
9420
4434
8246
8201
112
270
7022
8395
2300
9705
4678
1074
6204
5367
1703
8815
5523
1105
6597
7737
7213
129
6304
2114
2061
485
6089
3572
6657
5568
7970
3082
7168
6229
8742
4878
353
1533
2590
5478
9702
4758
7872
2239
6298
6785
2726
9086
8561
2252
5816
7633
7951
191
459
154
57
2522
6661
2962
1352
7541
198
4838
8259
8827
828
8234
3367
8040
375
5814
3659
8903
2370
8695
9827
8813
9818
7644
8985
7727
9972
1514
678
1611
510
7875
6068
5355
4145
3360
1935
6083
7182
4223
2519
3433
2043
1806
5914
7537
9047
6548
1073
3044
5780
1758
7286
8991
6872
4475
6966
6317
8793
296
3673
9312
7509
7818
5706
5687
5724
776
8609
7439
2970
2286
6326
9449
8384
7993
3309
8643
4844
2090
9594
6904
1564
3918
4344
3967
6741
1209
962
4349
9342
6528
9596
877
657
7694
76
4120
2991
9896
8455
3388
8256
1006
215
9558
5753
759
6247
2157
7587
9432
3141
4607
8107
9382
8156
4446
5236
7391
3785
9466
2189
137
6241
7812
337
9166
1966
7071
8576
7187
8595
5155
8360
3097
3693
5859
9016
2234
6362
3081
8155
9109
1357
7797
5008
2685
5224
7793
4766
8112
7914
6994
433
6408
9072
5136
6772
6208
5661
4562
3619
2270
7873
4020
3144
2180
4587
681
8031
6808
2430
8310
7845
475
2452
5629
9440
2280
8411
9197
5938
8328
4911
2266
7033
8735
8786
4745
4834
9007
5104
3890
3466
1239
3541
4060
2081
9899
7151
8541
5819
17
2454
3
2775
4262
4783
4759
9568
7795
960
6835
2391
1668
4521
1480
5553
7196
1378
8032
9975
9430
2705
5921
6338
6212
8264
4135
9575
372
4479
2958
4646
4015
2496
1253
5998
7349
7398
3706
554
3310
9436
7117
351
8303
1590
7880
5304
3794
1101
6565
2333
4155
6345
3442
2016
8468
8590
6119
5005
2060
1713
2511
5131
3023
415
1877
624
93
2523
1370
8745
9234
5566
51
1165
9349
592
1515
2651
9539
4139
8826
5963
1041
2658
4561
5918
5579
1501
782
5669
4356
5146
8266
1672
8566
2026
7108
2960
6643
2203
7988
2696
1331
5749
7428
3603
3475
1936
8163
2224
9464
5988
7261
7264
6375
9746
5712
7271
9325
1840
2160
8756
6887
1649
1490
5677
478
517
9327
8175
3872
7226
6639
5042
8925
3535
8387
8269
4009
5795
6316
2103
5540
3841
5272
1637
1542
7421
9919
5382
2709
8775
9841
5951
3548
1958
4291
8652
9635
209
9890
1431
7611
8654
8320
3264
7647
9964
4493
2041
4789
4529
5970
1613
5862
117
9018
607
4640
7590
6646
6312
8769
134
4680
6128
7156
698
5601
6768
5641
1337
3188
2223
7347
5696
3467
5154
7910
3636
2036
1088
4004
6781
1678
7761
6082
3641
3737
4553
9260
101
5772
9741
5703
2152
649
2894
8058
7163
5555
1724
598
4508
1448
1924
8424
2620
8209
1521
7389
6324
2589
6861
3517
8101
2699
4566
6562
4018
4048
9259
7678
3154
3117
7595
4690
8785
7146
2433
1550
9261
7477
2983
9220
5620
1813
3760
4346
8230
3366
8429
3412
6497
5343
1124
7034
2777
1291
5824
2856
580
888
3161
3947
6954
2987
3197
6859
7407
4798
6277
3950
2126
4006
875
5887
6959
4886
7715
6987
6633
3177
682
5237
158
9488
1683
6829
1508
9985
2862
9914
9889
2674
7933
9281
2011
3586
2165
7451
5109
5851
6969
7427
3185
202
4325
4275
5099
3523
589
4134
847
1938
3508
5603
964
4076
3815
7290
8145
8635
7160
9115
3411
9697
5254
4982
9471
9517
2681
3952
1511
498
2208
3237
3258
6847
1269
2187
91
8549
26
3131
324
1730
7453
953
266
7013
843
2472
4081
9123
6978
9275
5387
1268
696
8947
987
1005
1777
8064
541
7536
5187
7457
1384
2916
7508
2211
670
4651
2174
6206
2951
1178
1035
7978
9534
7433
5079
6582
267
8693
2242
7355
2039
6949
1762
3408
2118
9804
8457
1215
4332
365
5243
6465
2473
3165
4515
4986
3963
1163
7197
7630
5659
4098
6809
9593
9929
465
2318
8666
2399
719
9258
6742
9736
9398
3798
821
6218
7253
385
904
8818
6000
5439
1317
6116
2258
4172
5207
4790
797
1262
8594
2564
4033
7243
6921
5340
988
7962
3637
8118
7002
7859
4988
9470
3923
9998
7424
5295
7716
9520
7578
9799
1623
542
7592
9364
5804
7704
7020
7368
3554
1213
7126
6516
8302
7588
520
7974
5135
1792
3329
5548
2546
4405
8930
1847
6856
4717
450
9208
7091
8350
2587
8364
2376
7229
7185
9665
7609
8204
4125
7273
335
7744
2887
2035
7713
3363
910
8035
4366
7220
1328
1169
6314
2013
604
2058
6709
8562
417
3588
7064
6140
3489
2908
6838
7568
413
9321
5289
8986
7149
7333
1154
5831
4488
5080
8391
5709
399
1990
6215
5449
4546
565
5114
3149
4153
6197
3318
4421
2131
1592
4895
7120
6349
6950
616
4535
4675
4352
2609
9751
4962
8037
5167
8240
2168
6297
9583
3214
3997
8557
5745
2645
4652
7908
4915
1188
3914
3448
9800
7010
3077
3822
796
40
8953
1830
5118
2541
8124
2374
3474
7936
5872
6559
8645
7628
4631
8481
8279
96
7484
2928
5047
5352
489
5949
8164
712
6392
3781
3445
2419
1639
9429
3818
1261
4987
8365
9444
9198
4628
2010
4395
2034
8514
6066
7390
2195
4935
4328
5615
9465
9574
6471
5422
5835
3925
3526
2321
6038
7379
9699
6377
1669
5943
3260
6841
6635
684
8006
3300
6041
5689
7848
913
6593
9238
7466
2355
2395
9770
6346
3266
2996
7202
4908
1301
9807
1234
5030
9156
5386
1221
7858
7525
9943
5873
7211
4584
3247
2065
3982
4110
1732
9529
1081
7387
2834
2781
4199
2732
7897
1362
1417
6848
4431
9182
8906
1545
8295
7584
9681
105
7419
8625
5319
986
4884
9152
8044
7158
8187
7816
8168
3317
2226
8402
5733
2069
3170
4212
4947
2440
5790
1679
9504
8195
8880
1356
532
2889
3805
1700
2214
2832
6110
4487
1841
350
9374
1094
3186
6274
4007
3432
9102
1285
4989
4469
9297
561
5979
9356
1039
3147
8857
4190
7637
3292
6036
3439
4594
7830
7677
3718
3364
9647
7980
8924
9049
4245
2910
1319
7483
3380
4995
428
9653
1697
6236
3223
6358
5174
5487
9202
1246
3270
4968
5608
1630
1492
9195
9854
990
35
9443
4495
5890
6118
5854
4949
8028
8696
6149
7502
8517
5370
280
3629
4890
7388
0
1001
3416
3061
886
594
6979
7534
95
3130
2606
3964
3592
1161
2613
6670
538
1711
2806
896
5639
4170
9254
3424
1067
346
7361
4381
82
1680
326
2866
7524
9119
8462
9624
5448
163
3687
4541
2814
4738
7171
1385
7531
4903
8707
5385
6680
3357
6291
785
1633
6256
7618
1026
6220
4505
3842
3271
4580
6214
3419
8870
8460
4801
5084
7865
6501
3723
4595
8885
1010
3633
3584
9722
486
2835
1197
5939
1709
9963
4620
8994
3497
8085
5476
9126
2779
7487
499
8811
8171
7576
5205
8686
5618
2155
2000
2354
1726
1182
4755
5650
2059
5189
7442
8536
5202
4802
3674
6433
2083
5834
6434
6270
6908
9265
3498
6574
1757
5302
6803
7770
6906
7463
6490
8097
8659
7377
994
8801
3336
8060
9298
9358
7143
9675
6968
9619
2154
7291
8583
8970
6243
4229
1574
4709
1266
8222
9973
3545
4627
1819
775
619
4832
9493
309
6263
9740
9796
8807
8995
3652
6046
3814
3513
5508
809
7987
4720
5796
1667
5175
9318
8132
5111
9621
8525
8905
5107
7104
2972
9411
9942
2872
9357
7137
3478
8726
4876
1453
7491
3389
1260
5964
7579
6427
8061
1462
5550
1327
8749
68
8421
9309
5582
4511
2309
8217
9567
4140
4613
4358
66
3483
3337
6867
7663
1123
7664
8208
2326
242
8045
3507
3755
8034
5682
268
1062
9273
8051
3095
7515
8802
9025
3578
6202
6678
8410
8573
414
9971
9205
7314
4206
1307
984
5950
4340
4301
7642
6262
6475
4593
4002
5987
1795
4427
5492
6402
4191
2277
9518
2357
7395
7489
1842
9231
8516
7769
3024
8596
7934
1187
970
7223
3864
1503
420
6628
2986
1572
341
5231
6845
7259
9623
3127
2846
7121
7961
5504
1348
1446
6290
9053
2784
3962
8923
2476
7363
8928
9242
6547
9759
4698
6977
4537
5217
7450
963
369
7539
5313
6725
8704
7394
2773
8731
6170
5779
3697
4240
5704
9667
1884
5012
8327
4736
264
8675
5589
9600
3806
5092
9779
6575
7031
7401
7532
9367
2221
3988
6731
2579
6058
3308
8581
2626
686
6821
1907
7887
8944
845
5645
4787
937
9888
6649
1899
4144
5310
1027
8351
5282
7689
2646
9980
2790
6439
1557
3939
2427
5199
2818
1054
1857
9937
5466
2145
5286
5681
2643
7911
1281
4433
9394
4253
271
5856
8111
6623
9557
377
7431
4726
8046
3580
8314
2805
185
8233
4467
4514
6922
4035
7445
5271
8158
9392
6888
3855
2659
5279
560
1051
4782
1025
6605
4614
1898
2070
6522
5902
9748
5573
2414
1969
5019
3470
4327
4861
832
1044
3936
4592
1139
5520
6366
8574
2269
3385
5929
4685
9365
3142
5103
1893
1759
2409
4257
5465
1425
2437
6335
5227
9344
1179
9295
4180
2945
9865
6268
8288
5350
6412
1997
6364
6440
2378
1635
5222
6049
2495
846
9236
2828
7206
668
1393
8202
4246
1631
9223
4512
9613
8071
3951
6995
5880
8784
5983
5211
9132
7660
2864
1402
5457
2647
8366
780
9247
6351
3207
810
7927
7166
5889
9395
8485
4063
5081
2033
4754
6196
4188
4051
568
1230
6507
7774
1406
8165
9469
4311
1358
5978
7624
2745
9535
5127
9168
7154
3639
9482
3331
8253
2184
9253
613
400
2578
7382
2040
7306
9423
8512
6152
422
8544
3740
752
6462
677
4141
7698
9678
1059
3201
2953
1329
3312
6583
9634
1516
8507
9233
7738
9060
3453
7048
2479
3333
7725
5685
4882
3502
7318
6853
4284
5789
5545
272
2638
3715
7176
1856
2276
3543
4605
6513
7552
8406
4687
4737
2937
8511
8668
3112
8935
5195
2261
1371
6770
3490
9548
3155
6319
4520
7944
5781
9077
8758
4361
1696
9291
9916
4892
2725
2537
7950
8900
2878
6048
4105
2315
5291
2650
8390
1468
1042
7208
453
2298
6271
4283
7589
6826
4295
277
2679
53
3038
1827
6822
2628
894
6786
8896
2314
23
4847
1799
8825
9065
6864
9371
6294
2383
29
7616
207
2063
1849
2597
9739
306
2144
9970
4391
1455
4202
4663
1015
1083
2047
3166
238
9552
1312
515
2778
3640
5647
1298
447
2536
3505
2024
745
1450
159
664
7193
4339
6397
9328
1354
3296
5073
534
5945
8746
7658
1299
6072
2625
2348
5407
3252
5501
3219
6134
2232
8007
9310
5368
2966
408
390
6201
9316
4610
2942
3830
4348
5434
9027
5600
5071
1444
7613
5594
8636
2542
9437
5635
9564
4317
3339
4445
5844
3043
526
3685
1173
5055
488
2288
9891
5805
1790
9412
4280
8491
2788
5140
2143
4570
8344
9045
6004
4175
2772
6595
7199
6161
3290
1973
8856
1185
6418
6044
2137
1775
9314
7533
4087
8945
9846
9450
216
5273
539
6677
7455
7335
7838
852
9237
9571
4136
6616
7195
3278
667
454
4027
9343
8751
7513
3550
94
4604
551
2415
1452
6399
14
7679
3486
7246
6962
4568
9648
3645
942
7255
683
7843
7763
4017
4563
9203
7963
9549
2583
8088
8941
1599
9120
6912
3053
4343
6086
4602
2795
4059
7639
5269
6388
9284
6815
9531
819
926
246
5491
6807
8019
3567
7170
3879
2324
6964
9447
1964
7905
9855
9579
6257
4121
4215
7775
1982
4241
2392
282
3414
9757
5161
2273
7798
1601
9013
7025
9032
2560
2531
6233
4104
355
7557
9530
8809
2520
3420
513
6352
9404
4839
8513
9791
2377
2783
9946
8154
1125
5394
794
3058
6207
25
5115
9747
2595
8553
8831
6037
1090
5278
8533
8805
8382
2553
9194
3355
6481
9294
8174
4100
5612
4258
713
5535
5366
5803
1017
1311
3924
6579
1519
1449
8087
8586
2915
3325
6273
9059
2891
3782
8914
5720
7684
6523
5823
8639
7921
8778
1882
7162
3595
2990
3719
6278
7080
822
5652
6057
1210
4742
8010
7248
6347
1376
6095
8346
205
5128
9037
2558
1155
3661
8386
9869
2417
6078
1238
8293
9010
1891
1486
4670
2833
5999
872
9108
7093
6026
6911
3306
1610
2032
5440
4781
8698
3971
199
6637
5727
6690
9400
5614
6673
247
5984
113
7326
4254
5001
5958
1782
1031
1989
1685
2464
1708
1663
2176
7734
9460
9808
5989
46
5239
7821
6549
6665
3717
6691
362
5828
4848
6916
5934
148
892
170
7782
2421
674
1335
3986
2198
7823
8669
3025
2254
1056
9965
7011
7356
5356
2571
8564
7941
9836
7852
4080
2837
38
9554
6943
8990
3779
707
1952
5125
4713
5085
151
5144
6088
9413
969
6337
1060
1275
6740
5722
648
8050
900
3954
7803
7906
778
3202
803
8913
5270
5586
1942
3570
7756
5926
4045
3194
2271
3552
318
4377
3540
299
9062
146
1170
639
3335
1593
4557
1619
5825
6315
6385
3105
3746
817
4409
3904
6224
5389
5337
1483
3205
9562
1130
6884
9793
8374
1115
7519
3873
618
9293
9995
9959
1791
798
8534
5762
8771
9931
6907
2123
1295
15
3458
9454
8251
259
9204
3240
5764
9200
9290
7964
8510
9173
1498
7471
9913
4147
495
8502
9486
2285
9661
1270
314
9776
8450
7607
1798
5876
9768
9561
1240
4201
8361
2855
8774
5898
9897
121
6892
5739
1012
2762
3734
6894
8401
8248
3267
2898
6132
2222
3827
7436
1432
9490
2550
3897
4322
5636
3676
8701
9329
1993
383
111
2860
8486
39
4165
6334
1087
4360
6940
7879
1478
9842
5638
3899
9704
9340
6750
114
1645
8642
1388
2074
1082
3484
5327
5694
304
1186
4402
850
357
7172
4880
9245
1652
70
4819
1159
6035
7324
5613
2507
4730
5192
5197
9763
7044
2299
1921
1021
5847
8206
4047
4138
8780
2192
7635
3878
4725
3555
4954
4174
4920
940
5212
1741
7680
1834
211
8042
6076
4390
2769
6546
8982
173
4807
4021
6034
5183
1216
5029
9142
6930
6891
9586
4724
7139
7760
2952
1421
3993
2323
3376
5234
5565
9845
6423
8515
171
5840
2432
21
7272
9927
2690
4011
8571
5567
3692
3390
4653
5583
4869
7406
7438
7055
6780
8724
3030
2094
3886
4555
7878
557
7128
3958
3972
5625
3461
1828
7410
9306
976
2139
591
3020
2922
6400
7021
9164
3288
1212
9932
83
2921
2611
6795
8341
4176
5593
1902
9893
1624
8091
263
8141
8437
5725
5194
5723
841
6587
8951
5905
8736
6603
4326
1738
64
3907
9085
8738
5713
5066
143
3865
317
1493
8093
2282
5075
6624
8348
5529
4204
8572
1689
6457
5960
4780
8841
7814
4093
6529
2347
1736
4985
142
359
4540
7939
1438
4243
8674
8192
8520
9433
9588
1413
1591
9668
6557
288
7603
7006
8505
5003
6491
5678
6209
9455
7268
4538
6632
9731
3174
3199
5975
9427
1
1078
4227
7529
3903
602
5541
7649
4157
6601
3736
4821
3974
8466
6469
1111
2941
2929
5391
9289
2816
6091
4691
5525
6644
8299
3349
7622
5925
4314
993
2510
8417
2435
323
4785
6777
8887
7305
2865
8316
628
2797
932
9187
1217
4609
2194
5288
824
3571
181
7535
1069
8602
9266
3703
3417
5411
544
6394
1443
3209
4429
6666
5912
1318
3079
6009
7819
6180
4836
4772
6011
5062
9396
7676
3949
4517
8804
902
3480
7834
6998
1869
7294
2506
480
8167
3352
789
5510
1114
2015
3446
8018
9004
9760
4331
4964
7239
9057
2023
5348
2665
3868
1800
6524
1340
193
1529
6517
9491
5176
3221
7399
941
9572
5083
7474
3326
4904
1906
3175
3728
816
807
2633
3744
316
9351
189
8799
3281
9188
4902
8207
4894
9372
9546
1092
540
1839
7547
9191
6942
470
9717
4777
3976
7043
2854
8597
3512
482
3413
7136
7620
553
6581
4696
30
8760
7946
6189
730
1769
162
5384
7651
5257
3601
1845
6901
4362
9538
2758
5827
1107
4957
8752
5642
908
2525
5242
9055
802
2774
3992
8868
9691
6849
2761
9384
7919
3729
8886
1375
7765
6211
6594
4438
9379
4143
2249
1020
7857
3667
8653
7084
5447
7425
8766
8000
5973
8969
9754
2808
5141
9723
2272
8676
4659
927
7556
1510
18
6710
595
4922
6722
4622
2368
2911
3124
6576
6563
5409
392
1818
1570
2936
3743
4712
4503
8053
6566
85
8893
523
9158
4817
6939
3724
5552
1909
2740
3826
9100
8933
9856
28
645
9726
4453
7481
6365
177
3126
5474
4776
9672
3602
6569
9749
6195
7123
6801
2977
4791
3285
848
893
9844
9192
9826
4574
2241
1931
7321
9288
923
6382
8570
6356
5588
1353
7348
9993
704
4655
738
1605
9774
1914
5331
3351
992
6784
9750
160
3762
4086
9797
1220
6006
3088
8281
5974
6735
3678
7150
2961
5807
9105
8559
8694
477
4855
5590
59
2535
4534
660
4116
3957
293
755
9566
1760
3085
5559
6586
1391
3094
6292
1729
8744
2703
4937
6834
8800
8939
9861
4296
7688
494
3812
1435
471
1748
786
8607
8681
7262
3495
5381
6857
9852
5953
3111
4560
7573
4744
4478
9034
5458
1575
5287
6505
4581
6168
2408
2730
3115
8143
4650
284
4615
7105
9909
9533
4428
1999
4396
5311
638
2764
9735
1166
6198
935
2072
4417
9905
6881
6109
1716
8067
9809
2442
1084
6647
997
7641
7077
7925
5572
7837
659
204
9446
6714
3473
2255
4195
4270
7037
6060
5871
8588
5238
165
1263
4013
6147
5098
7876
6285
7681
3642
5886
7430
2629
5396
530
406
3772
397
8656
9124
1698
236
8273
5059
6703
6253
5016
1671
7307
527
3045
6672
5483
7731
3191
287
7757
2306
223
5721
6476
6600
3646
2436
5591
7078
9933
2064
4219
9138
6728
9302
5445
8232
550
7940
5341
1004
1547
5695
998
2644
9243
6889
8973
5909
2615
5253
3156
4412
9092
2596
6724
4576
6697
3496
6070
7067
7901
8568
5185
9287
2874
8993
5985
1344
2135
8082
192
1445
6025
536
7839
4961
8059
7767
6537
6760
5256
2082
5915
4621
1784
9008
2334
8180
5500
3006
7889
2190
9229
8312
7828
6783
1659
8326
6445
7851
9500
9064
9028
9742
3539
9924
7724
6244
3613
6383
6442
9249
8436
313
1583
5941
1967
9813
8224
9303
6919
8620
3894
1106
2104
9005
4463
4071
7574
2905
9445
4814
9960
4159
2720
4186
9968
920
6812
6379
4863
8075
2358
2453
8157
2469
8105
3428
7372
8551
9698
2105
1604
455
3454
6622
3075
6895
332
128
6021
3657
9215
4658
2591
7829
5485
3768
2201
3021
5090
7801
1676
7695
9994
5848
77
5855
8959
8003
1632
468
4805
9091
1961
1627
507
1095
8791
1642
6022
9629
6905
631
1247
3338
3885
9859
7593
4694
5305
3940
8190
2954
1565
5928
1843
6179
1505
673
7357
5309
5732
7018
3395
995
7562
8078
6289
150
1252
3374
7548
3561
3203
5178
1430
1104
9322
7855
2672
7337
3825
4980
3493
9573
4005
6194
9843
4586
2599
1911
4073
9299
9042
5883
5196
7667
5853
1641
505
5507
9276
7617
8829
2729
5773
4064
5252
8261
3026
1527
331
6631
3299
116
1948
115
4975
8929
6599
874
3465
8907
135
1895
8612
9555
7254
2920
8449
7638
448
2803
8009
7732
5165
3001
7510
1810
411
197
8723
6645
4124
9335
6145
4585
2263
9175
2819
4403
2733
5885
6353
6275
391
8909
2483
2056
854
2465
9151
5390
500
8260
2086
3354
71
5832
3970
5160
5157
3953
7101
6398
262
4037
9457
1984
4531
7488
5056
8895
9895
943
6032
4368
386
6487
9569
2655
1022
1403
9338
7690
5672
376
6485
222
3927
5133
7061
5009
9003
516
4619
6935
9815
4303
9527
5981
8877
2302
1988
9148
8506
8644
1889
5992
8057
880
835
8291
8322
9009
1783
3649
1500
9974
6797
5158
3821
6914
8954
8979
3937
3998
6702
6435
1602
8086
2747
1787
950
7296
4181
2303
4683
8682
5865
7907
6810
1687
6249
3704
1551
3529
4132
8225
5649
4840
9311
1047
4733
8839
7890
2735
4706
1823
8203
6112
1643
6333
2042
3711
9474
8942
7201
8392
8580
1308
9825
8728
6228
2627
4473
5980
1140
4235
1852
4432
5506
2364
1912
4811
1753
9604
334
8452
1887
1470
813
9877
961
1194
7831
5869
2134
7225
7846
2689
7884
4406
9651
6187
5490
9944
7868
2231
6617
7527
1801
6713
1655
911
7275
1837
8872
8987
6662
1474
7045
6430
2849
9375
7697
5864
537
7413
8622
9341
933
2988
8276
5216
5822
1640
3143
7543
9484
5680
9159
8394
4845
8371
4661
1245
4672
3560
7758
5923
6963
4122
6130
8197
5968
1761
2683
1567
7125
7931
7824
5342
3912
4932
9997
6498
4106
1607
4248
5866
319
6234
7415
7082
7870
6144
4382
8150
3418
4889
5469
123
6015
9272
384
4559
4612
5357
8891
4305
1415
2236
2455
6240
2067
1496
837
9577
8073
6737
7429
4681
1994
2780
7485
6098
9022
4022
2456
3365
3617
6706
983
5218
1377
3295
6
8690
6608
7720
6541
878
4042
3098
8641
1634
8077
3093
1113
2338
7518
320
7600
7687
3978
8684
3504
9822
5371
6862
6302
4442
343
3405
4491
687
855
6636
9179
2025
1780
5132
2786
7422
1836
3792
6030
8974
8432
8725
3346
509
9211
7375
8272
9912
5402
2444
2316
8241
4679
7079
7726
6989
8848
4492
2995
4803
8835
4364
2088
7972
4483
6991
2530
8063
2999
3985
7753
8378
8664
1892
6097
4304
8618
8309
8275
2250
7748
7138
7912
6762
856
1626
2367
3500
9014
7232
9462
3778
3891
9870
5937
3790
1657
8146
5627
4852
7741
8287
9103
787
1802
2799
8926
833
7794
4220
9990
1941
2694
1191
7926
2746
2216
5643
4539
1229
7188
555
7015
636
9730
3319
7230
2138
9662
9880
9875
41
1231
3231
6792
2219
8170
4102
694
3626
5758
1704
9907
9323
928
1198
3870
8750
1675
4023
2739
9226
1477
6692
1192
6237
6933
404
3546
7179
6920
4823
3013
1524
5021
5241
1896
6858
9324
5473
5186
1922
7322
2713
3875
2167
6474
939
826
8027
5412
2675
102
8149
4641
2555
2518
3698
3765
3204
3218
8083
4673
7167
4497
8397
133
3004
6010
4259
8270
4217
901
7219
1947
5930
4747
6965
3243
6913
1691
5667
6957
374
5786
8448
4983
2688
9136
381
2005
1805
3783
1117
7178
2319
1323
2549
8540
1894
3757
9438
2191
1418
7302
5907
8454
867
9282
4554
7849
9789
7856
6342
8667
5730
7867
9537
8290
4430
4812
3358
237
5502
6806
3669
982
9677
590
2686
5112
7973
2259
718
4765
3159
1038
6016
9476
9885
1720
8205
6390
5414
5693
1995
7900
6411
7437
1174
5451
2706
2159
931
6438
2756
8160
2822
6927
5113
2243
4558
426
4422
4826
7316
9525
8490
9280
6393
6951
6061
4530
9951
897
8648
5244
5793
2969
2290
6230
1917
9217
2330
5332
6231
4928
2635
2362
8530
7251
5374
2173
3838
2466
9556
7778
8047
9848
2934
2335
1487
234
3675
600
4784
2912
3277
8732
5670
1523
4677
3392
1032
4858
6276
9386
9521
63
811
7209
7789
2598
5756
7147
9106
4310
6148
8824
1546
4224
2411
4209
1541
9864
710
250
8518
5654
2499
4506
4743
4885
9461
483
8878
6252
3008
6323
7300
9837
2701
3930
9485
210
4216
5942
859
7340
6552
6669
3404
8673
3521
3514
4936
8403
2129
9695
9283
1024
8910
8352
7405
9347
3171
7281
1030
5519
9709
6033
3087
4298
3933
8430
7551
8665
3125
2166
1820
9660
6720
4335
7393
2521
6486
8584
5766
7594
2396
3129
9866
1865
5032
9366
9609
6307
3690
344
862
6612
2087
4065
1276
8960
3377
3861
9769
9867
300
1439
2844
7898
4959
6003
3343
5829
6295
853
8477
4400
9006
788
5068
5399
8858
763
9829
6296
274
1888
8535
7354
8901
4668
1684
7315
4471
6416
2989
7083
7416
7512
7059
4967
301
2503
2557
9378
1399
3005
1597
7640
8445
5517
7366
4822
6343
8889
9150
1954
9481
2839
6512
7623
7301
5215
2230
2743
8133
4870
6067
7203
6368
8999
929
3070
4833
7835
5477
1650
4094
5312
5307
5122
5129
8797
9385
9111
4827
3722
9218
4062
6173
8335
6844
4424
5024
9101
9812
8458
8137
8955
6555
1099
1007
5051
4842
2812
5692
1460
1552
3273
7092
5757
1797
6602
5221
3905
5597
1768
3679
7787
3802
7984
9015
6242
8039
7116
5997
2274
2691
2310
6223
3797
7288
4133
2711
4392
4998
1336
2516
8014
8651
9227
5248
9950
6370
2949
161
3564
3800
3941
5605
3780
8422
8711
2100
4420
9743
2278
5354
4131
2296
8131
4418
6504
5250
2384
6502
6655
3747
7827
8332
6456
4829
5493
5761
784
6717
4629
7673
2295
2678
3241
9315
650
6065
8697
665
5527
5482
2245
7417
5966
423
620
7899
8463
1250
1379
6310
6340
4507
1692
2695
7577
1509
1908
6975
2663
4804
4397
4977
6909
2448
244
6695
8418
8864
1974
245
5560
1560
7877
4200
4825
5471
2702
7723
6817
1742
656
4411
5917
725
6693
2661
8722
1586
5874
8223
4486
5060
2186
9999
9068
7127
3726
9953
3481
6125
1330
5718
9391
8443
6671
3164
2573
1494
4656
2840
2085
1718
8837
8560
4447
3853
9633
7057
8176
2885
1332
4379
7492
8119
9370
4041
1137
3913
8851
5364
8277
4386
169
4533
8781
5014
338
936
2209
5025
1070
1693
4008
6293
6556
6900
8473
8894
5481
4387
4913
2158
5736
4324
1654
6459
9989
7444
9099
4276
637
9336
3099
5986
1561
5284
182
8936
3725
3943
3459
2117
6355
2003
8461
3041
9962
9871
1359
3775
2012
714
1129
5538
7041
8717
4039
1495
4624
4637
3810
5893
9172
7285
6077
991
7971
1772
612
5233
5168
9720
3279
2744
5315
4865
4380
1184
1310
6753
194
5924
9787
9949
4525
6711
1755
7426
9631
8479
5515
1304
922
4271
7632
352
9326
2080
5251
6800
4671
5616
8265
1815
1133
8416
4458
9050
5027
9387
7842
7097
2624
8001
3658
7376
9528
9625
4569
559
7916
5010
6258
7360
7212
2906
430
6389
8127
9069
1596
3942
6250
8198
2438
4591
9708
1152
3774
7192
1193
1766
4231
5675
1980
7530
9206
6791
7511
4914
3712
4716
5920
3695
7708
5717
4330
1364
7189
2373
6683
1826
2305
7847
868
5956
9017
446
9652
6855
4408
7319
157
7070
9957
1228
4853
1029
5179
4689
4856
5267
1934
6877
2918
5836
3605
8678
7052
6658
2313
2978
5119
9547
8258
9725
6699
412
3031
3065
5229
9775
7932
8292
2468
812
3168
5442
9251
1172
6715
7745
230
587
1305
6790
2125
2106
5965
3834
562
4040
1512
3615
9833
3900
7174
4800
2009
9958
8375
8065
8772
4883
5708
2098
9313
3647
3799
9426
5497
6903
1863
7118
2487
4383
7833
8591
1361
336
5776
1603
9209
7186
2386
2776
9360
2791
409
7605
1579
7260
2512
9611
2429
2441
4636
6448
5417
382
8629
9174
7068
5640
84
7234
347
4669
881
6246
4873
1926
2592
3150
700
9578
50
5308
425
3735
4108
4282
9810
2985
6928
5812
6718
9626
8768
570
7671
2667
379
9676
951
3574
5198
9700
8493
3919
7016
6261
3173
8280
3228
8918
5346
9330
6087
2199
233
7263
5416
588
3007
9161
1201
2760
8585
1223
13
1136
11
750
122
6832
3138
7567
3738
2240
9026
697
596
1701
8619
543
9305
6554
2677
8471
3491
4934
2614
9256
4184
2356
1343
2533
7256
7109
5740
6796
3032
4860
4748
9406
8702
6287
5994
9711
6893
8545
1868
1019
5931
393
4210
7380
4850
3610
5991
1196
7129
366
2884
7283
5263
3808
5330
3269
2121
860
1267
547
1965
8383
4260
6354
3847
2869
6598
3791
9581
6373
9773
6676
4746
3089
2575
1434
5673
4757
4457
7718
9505
1157
1011
8720
529
4634
3820
2156
6100
948
9920
2256
3867
8070
6534
5879
3995
1466
152
7480
3406
945
6668
545
2723
2612
9239
103
7159
3353
7920
4583
3527
9696
6300
5063
5596
380
2007
6472
8025
8616
1900
1428
7252
3314
6526
248
5863
2660
8555
8687
2151
8349
744
9472
6514
661
1023
308
884
739
4444
611
5606
4419
7836
8400
8844
7204
8339
3108
6972
5397
6531
8599
3369
7459
6020
8998
1944
9011
3551
4078
4499
1719
563
7714
8054
5857
389
8271
9788
8794
5808
3334
1283
4693
8719
7374
1423
768
119
3979
6264
4118
3054
3457
3301
4182
8357
4399
9921
2049
5881
7894
1786
2389
975
2293
3654
8213
6106
734
2153
4851
342
7364
3477
8509
3536
7332
1404
3727
8748
3254
3691
226
1429
6757
8529
4810
723
6142
6259
3090
2327
6755
6126
436
7218
578
2171
155
1812
7054
6359
8934
7056
6604
9892
3816
9104
8753
8972
3966
996
9821
1411
9519
621
3852
7788
5967
8611
6618
354
8036
9724
9969
3819
5657
1878
8904
958
2073
1522
2853
9467
9824
3672
6357
5498
7712
4269
9576
906
2886
9097
1389
924
6378
3274
2994
2722
9419
6124
9424
2363
4854
4485
9915
2618
7058
4552
3059
5800
3482
6958
6836
1808
7140
7384
9732
8796
3063
1405
16
9401
8670
8181
4971
1656
4266
5587
4919
9850
7733
3464
8396
7009
1872
1850
6674
8798
6999
9617
4461
9758
6726
2342
4127
4075
2267
6705
5549
3398
9240
7601
7784
508
4084
2971
692
4448
716
4468
6896
7942
2639
8255
9772
1366
7728
7267
2964
5240
6115
533
6503
5479
258
1972
3145
6990
3463
1875
9756
1750
8817
7456
1211
9976
7365
8790
8563
358
302
2
9684
3530
2938
7482
7657
1558
5888
2630
7317
9390
4482
2175
7853
3935
1075
3361
615
7386
7825
3630
9483
9638
6833
1322
1622
5768
2561
9925
7602
7242
8706
6272
5622
1862
6103
221
5361
7069
1883
7862
3931
8849
5867
4642
7098
3471
8464
2750
8996
2210
502
4625
5961
8098
7546
481
5778
9606
6380
1408
4149
9683
965
1549
7432
9693
3072
4092
440
3739
5595
9718
576
1313
751
4984
72
8404
1292
5488
8130
9451
2653
2594
109
1578
9043
4026
6205
4249
4969
2917
4309
3849
8016
522
9729
37
6793
7569
8765
4926
4719
9114
1901
2543
6023
4222
1517
5624
9268
9655
2870
7722
1461
327
175
3216
4460
340
6225
9988
6054
6689
5774
1259
6615
5359
5121
3623
4068
6863
8773
1953
6468
8899
2279
2719
6846
7815
2768
6992
6222
479
9707
4729
6113
4354
8038
9981
9541
3015
921
8139
6371
909
685
5377
6099
6876
7645
434
5664
4764
861
7005
1528
9664
2807
2068
731
1076
1525
3100
3232
1132
8814
1086
9582
2212
4973
2431
9221
1774
5369
4662
5420
3883
1538
579
3315
147
8866
1235
9673
4697
7066
556
9945
3403
3429
6572
3559
4142
6568
7693
6005
9402
2927
1028
9145
3714
5656
3793
1682
2827
8888
7132
4794
2107
6441
6056
9608
2670
2901
8699
4028
6150
6348
7270
5264
7200
7500
3119
6614
5255
6013
3946
9872
1660
2170
4312
2544
4701
4398
2057
8370
1648
1629
8792
6558
6716
1278
2235
1103
3720
4426
4371
5433
9255
5123
3455
5802
6452
5580
6090
187
5077
3585
7081
1454
3462
5838
3589
1608
5120
6765
5277
3895
3327
2317
9767
627
4749
1793
9542
919
7017
2923
4862
9456
9497
2132
5162
3456
2179
5463
699
743
3320
2229
3518
1232
9176
6515
1929
9982
4972
4456
7240
4095
7371
514
6108
4708
876
1573
5393
3863
3373
4588
5810
110
9044
9918
5701
8330
2793
7024
6739
1151
4700
254
3965
4927
3887
8499
6525
5955
2112
9934
7629
7826
3229
1412
647
7796
4413
4329
3415
7345
5045
1866
9603
2478
8862
849
8358
5787
617
132
3003
546
4130
9615
7292
2975
8920
4871
8524
2322
2062
6611
9346
7141
1962
2400
5735
851
4050
691
5318
9058
2664
9353
2206
4564
1554
2757
8480
8489
2308
1419
5752
8179
5226
608
6985
4171
5731
5896
2075
8779
4618
3261
360
8210
1374
8285
2130
2406
4300
7493
1664
5094
6936
8755
3140
9795
8227
5976
5110
5794
1743
6406
2610
8368
5398
3829
7759
437
8976
6733
8456
3248
3122
8915
3494
1576
7414
7278
1040
5335
2218
8104
1814
8892
6947
7228
8353
1735
86
9614
2283
1789
5247
5326
7749
6174
3568
6700
6938
7135
6925
8531
2527
4999
2861
8759
3192
3531
1956
6171
6376
6533
8278
4024
9368
7614
6499
1122
8426
5303
4367
7468
7111
3113
1943
3994
6341
6860
49
8890
3033
2676
1363
4762
6961
2051
7735
9110
6360
1861
899
6805
3773
8447
6798
1940
3874
5418
2294
7418
1749
3121
5347
4635
6610
9165
2341
5455
345
8367
6251
4193
2588
5651
764
3944
3721
5839
4088
6299
3046
3372
3575
5388
7152
442
7554
7976
4809
8977
747
572
3226
8822
7705
4169
3522
2636
9765
6339
2524
3073
2529
5181
6734
1018
9777
552
5539
6084
8069
2728
7497
7989
7210
7313
3938
1158
7122
652
2141
895
5034
671
1360
5655
7039
1175
916
3233
9359
3280
2568
9376
1502
3758
435
6667
3732
396
7777
1543
2500
2405
136
1469
6854
4192
4808
8621
6123
180
7032
52
737
2608
827
3452
8268
9431
6520
281
9021
4010
9041
6609
4178
2582
5022
528
9714
1779
7683
4350
1079
3037
7369
7297
8379
8066
8399
1055
7783
9584
6679
3084
97
7325
1647
6331
1061
3397
4014
5729
2904
9012
651
5875
4704
3407
5599
3393
6384
967
2907
7523
1998
307
688
1287
4699
2246
820
7412
9428
1226
1465
5576
2622
1933
8325
2924
8579
8600
2693
7696
8569
9207
6409
8026
3766
6492
5353
5443
1876
6199
1369
3180
5177
4465
871
2826
3840
9502
9038
9414
42
7631
6767
3850
89
5700
8495
7469
8096
5166
564
4436
4692
7161
4109
5436
2467
524
256
9128
4214
261
834
3102
6096
9383
1722
7392
4213
2140
2426
1728
9992
2538
5404
3860
9967
2113
6519
2149
2398
4114
5324
8927
597
2751
7277
1848
6825
9463
3989
8764
3928
7207
5728
2200
8795
7882
5726
8613
2352
5298
9339
7709
7448
2093
2585
3423
1937
2634
5610
5971
5405
4918
8148
5957
8300
9262
6627
1458
1077
3283
8393
8117
1422
7959
9553
9805
7977
1867
9224
4946
6080
3499
1939
9780
2492
9616
8415
5017
140
5747
7350
6865
5623
1925
6458
7528
278
1788
206
6591
4981
765
7659
1176
4942
3109
5004
1203
9894
464
9936
1488
9066
8153
1589
6477
3014
5033
2225
3047
4079
33
1437
1119
9543
7874
791
12
5516
7087
6309
9051
2913
4516
8185
4715
3835
9966
3844
9112
4684
9882
62
8188
4735
7832
1149
9762
5459
5450
8710
8803
2146
7238
6413
1874
2142
934
8106
5156
6918
1306
3002
7570
3399
2593
4828
5072
5138
2963
5922
1148
3225
6571
8734
4933
4077
3276
7308
866
6883
5462
4435
7986
2617
4797
1723
7265
2237
3631
3239
9131
3731
577
4480
5564
3553
2576
7094
1991
3242
6444
8532
1665
5037
6203
8640
3990
626
5266
3330
6361
506
5206
9000
8488
799
4203
1202
9214
7960
1131
8980
6686
1794
1822
6419
8683
1146
4163
6553
4189
5837
3212
2307
5815
8623
3118
9939
8587
9654
3621
6192
9076
2914
8015
721
2096
6830
3628
9143
957
9784
7023
2366
3293
8235
5784
790
4952
5406
7449
3224
2584
1614
9345
3634
7739
4117
3022
8984
8428
3016
6917
5301
9685
2505
2545
9630
8647
6151
5262
5570
4097
4891
9046
4896
2648
4556
5611
6428
2697
4313
2673
1615
7740
4083
8347
9991
5031
1440
6463
4582
6045
3050
5842
6521
7214
4128
2150
4345
8754
8500
5126
7710
1214
2766
1471
2205
2331
1844
882
3670
2979
3069
4925
8821
8761
349
1324
4236
9492
5484
779
6538
9183
6843
427
9019
6727
8917
81
7885
3324
4767
6042
1396
8459
8679
2336
8592
5653
3086
401
2337
5841
9710
2458
9113
1168
3057
2566
3091
4053
9536
4509
8637
312
421
4410
7373
973
5691
166
5294
2770
2371
4196
1049
573
328
3761
8787
1903
6254
9781
298
3608
679
3709
7231
8721
5427
3238
5137
7736
6092
3163
4351
5043
5038
44
2811
7222
2981
4997
4965
2474
8782
9163
3680
387
5705
9612
3427
695
6696
7751
9851
3789
7560
7339
3347
2260
492
3599
4872
3627
7396
310
4162
4549
3968
1485
2407
1334
6890
9878
8189
3110
5663
176
8095
6166
2850
5686
8115
9285
6899
8565
7165
7566
3843
2707
1224
3831
2716
2931
3999
5775
4888
329
6811
8966
6449
4874
7169
3426
9977
1636
3402
3158
805
8633
8359
1037
1177
4401
438
149
4046
8433
9024
2029
7648
9348
3268
7342
5754
8882
1392
7370
2481
4660
7583
220
4769
5153
2092
7762
9230
3134
8968
676
322
9686
9222
8630
2974
9107
9127
7953
5644
1920
2253
8523
4948
5818
5048
5210
5797
3666
2119
6664
325
8946
4611
6902
1535
3123
6488
8444
6122
9737
7408
1387
3845
56
9087
1881
2078
5349
496
1110
2351
395
2765
8262
5935
4879
9274
7610
7012
1442
9935
184
2801
3915
5806
9157
1046
9063
3624
8492
98
5817
7665
1167
5246
5496
7028
5511
753
8114
1381
9267
1807
2671
2932
9434
6473
7443
8012
8854
8298
2939
3381
2817
4177
6421
7362
8134
5683
8605
2616
1949
7062
9802
2654
8713
8730
378
1600
8318
2287
9054
9232
740
9658
831
3009
9352
1145
7344
9442
4866
8337
5977
1702
3383
5134
2998
6993
3817
1135
3754
4490
890
4481
3597
8354
2017
2997
7409
2257
6429
5584
8017
735
2876
5578
2852
5061
815
8861
2461
4357
3880
7754
8110
201
2439
9526
2909
9669
8961
1380
8474
1763
2044
1237
8263
4786
7295
8442
9597
6759
5852
7003
2188
3689
1673
7001
4867
100
2567
2569
7967
2562
3557
7089
8237
3909
9039
8819
80
5015
1208
8820
2148
898
6255
1207
9134
5306
6330
1651
1992
2344
8414
4751
8593
3525
7435
8081
3515
9089
5429
2265
6372
168
8850
4597
292
8718
6162
9135
9764
2284
8527
643
6719
889
1513
4796
3519
7626
3479
5379
3749
9601
3656
3193
4523
4112
3788
4470
3911
6495
946
8029
2172
6395
625
2892
4
9954
8125
5755
7142
6625
2501
9645
795
1386
8958
891
6460
4752
8144
8380
6184
4859
8319
2642
8100
8113
8408
9671
7634
3135
3394
2700
6824
2800
4407
4472
1395
6758
431
4302
4415
702
10
4527
593
5089
3313
31
6816
8634
689
7464
449
8
6948
