9803
2760
653
7395
7684
1464
9158
1024
7315
1574
7355
8702
8510
7692
3326
5729
5992
3924
1690
6232
8443
1989
8691
9404
3203
7964
2101
5371
7620
5539
2204
9483
4383
7358
8588
1019
1057
441
4840
957
178
2897
2176
4168
8351
2895
1730
961
6935
5081
9836
7627
3951
3721
535
6525
6508
5474
1312
8498
999
1306
3284
1645
1542
1977
7821
1875
5578
4423
5143
1998
3084
5684
4537
5367
6270
4613
7319
5923
6488
5935
8912
3652
3992
3702
3405
273
5780
1390
4291
3038
9733
9085
6681
6086
3861
7100
1817
6519
1943
9523
3128
9298
135
7655
5368
9647
3691
4728
895
5555
1577
9206
4804
3510
5020
3067
2341
4988
2050
2414
113
9914
96
4882
5795
3102
4257
280
9264
7847
6203
7741
7129
8487
1623
7601
943
3245
2945
6405
5784
20
3910
9624
1513
4342
2864
3511
3644
1262
6658
5829
7334
8943
597
510
9456
5119
7341
354
54
7990
3695
1756
6507
1916
9183
1320
9333
7167
1035
4624
9539
9784
9722
722
8760
4637
9019
4009
9135
5944
4735
8938
1281
6781
1471
7751
6378
8529
4093
4138
4063
2442
5498
2071
5552
4489
9766
9816
4169
3984
5833
8462
2495
2027
9277
3556
795
6210
4867
309
852
9772
8154
8392
4781
8722
7575
62
272
7587
9785
1181
2683
830
4504
6025
4647
2893
1790
7291
6842
1646
2309
2042
2673
7670
4371
5148
7766
8315
582
4497
1848
158
3788
9659
3378
7868
2284
7918
9626
5135
4044
2788
8744
6514
6970
5117
8512
8076
5289
5165
4045
8934
6597
339
494
2268
4754
382
9835
8792
8172
9992
6634
304
7133
7272
3975
9301
1595
7461
8700
5454
2595
7785
5216
5132
6400
7999
2535
8483
5461
9638
1299
5406
3238
6699
6862
7044
4837
6902
7444
3422
1458
8953
2517
6214
6046
9918
903
2490
4448
2223
625
7481
389
5631
427
2585
2584
7521
4928
2004
9312
128
1301
8828
6073
9150
2770
7881
1298
2415
4339
8611
522
7816
4320
6001
2684
1268
6999
4129
2266
7694
2768
4812
1754
6757
65
4340
2713
5940
1054
9434
3857
7372
8606
8177
7466
7072
326
2190
3431
8088
8153
7321
3082
9761
6492
4789
8018
71
8567
6504
5069
6116
3995
5358
364
3911
5734
8813
5245
2361
5701
5610
8346
8005
25
6141
9000
7626
4770
9459
2055
2756
842
568
2203
4224
9696
8148
8602
8210
7543
3557
972
5996
1068
209
2391
432
2894
4639
2615
3493
9664
1891
4127
6183
9728
4461
53
7916
2636
5221
558
2678
5616
8796
7787
8295
717
2781
4600
3682
9001
2965
3517
9576
9447
4811
8079
7771
14
7085
7431
8630
1862
1394
5745
8319
721
1441
7507
8175
7900
8964
9128
979
4601
8541
6749
4745
5334
6065
6026
2318
882
2577
7810
3298
1819
3799
9551
5469
1741
3197
8755
3060
2330
1883
28
6529
2085
3010
6567
1116
2514
9296
302
7579
9371
104
2714
6561
1665
8839
2530
8960
5662
8030
1776
8225
9095
8408
6139
8984
3852
6604
4921
9494
2998
2478
9285
6949
7812
2245
6327
3071
965
9028
311
6746
349
5695
6753
4752
9762
365
7613
2306
5625
7993
9100
5777
8888
2783
4514
8972
3743
3013
1417
6332
1873
3768
5628
4762
1533
9227
4656
3132
4024
5538
660
5606
1835
3597
5654
1413
3859
4362
8501
4553
9067
1789
7943
5137
6650
7091
3834
6747
569
3685
9941
4908
8284
8823
1148
6502
7056
4381
4930
3012
3263
346
2295
2147
5393
9592
4254
525
7596
5893
4761
1376
7445
3539
1688
6950
3727
7434
8147
5144
4746
8379
5515
9335
9818
8534
9777
2658
8864
9910
9409
1352
9179
8851
8436
7639
503
9361
7855
1405
6033
7208
4820
6969
4973
5864
1689
608
5621
2368
8858
7290
9571
6054
4886
6776
7951
7556
6810
7983
5931
9405
1196
4579
9198
4345
9360
9752
3598
9202
6376
7057
6867
1075
8070
6443
548
1842
2026
7178
2443
9244
379
9332
1269
2533
1517
7530
4512
521
2451
5523
4628
381
4080
5227
3762
327
4716
5665
6487
219
9862
8743
5299
8308
3094
2174
7328
8065
8032
5546
7109
3079
58
3977
7619
5968
9770
5184
7055
4324
1470
6772
3406
7928
9699
927
2831
8430
5904
2961
8834
3785
8322
7130
3640
6002
462
418
2041
4104
6927
9440
324
5677
551
6727
1739
4445
7309
8593
4147
4563
6901
4619
6395
7961
8894
1575
2285
1115
6355
742
2546
7637
5295
3602
1997
3096
5302
408
2265
6669
1589
7364
496
8223
6372
5483
2003
8015
9629
9189
303
4805
8557
7651
4267
8142
5656
5767
978
8777
5314
4049
3382
4018
6537
7696
1568
7418
3606
130
5494
4526
604
9491
1465
9567
9462
5601
2347
3879
2652
9193
1254
3576
5181
1381
9883
654
7567
3928
881
1851
9426
2620
5733
5530
3701
2806
7462
3009
6940
229
5404
2068
6929
6132
451
2426
8187
6824
8139
6931
4748
8049
4878
1429
9575
4959
9226
2614
7421
5048
9669
6373
980
8910
4469
9702
1950
512
9387
6383
7511
9806
8307
2796
79
9990
2019
2208
3228
2051
3302
2600
3279
6993
8782
3225
2440
5776
4156
2883
5582
9833
6642
6794
8773
1691
1087
7545
8227
4779
6947
2921
474
8059
1747
2861
6377
6751
2801
2562
6127
9935
8178
5691
5105
2381
8461
1942
8450
8697
9380
1392
6386
3826
8186
3972
5910
9685
3316
3637
7388
9163
5131
7147
2396
8285
4822
8706
8150
5609
7479
4199
2369
4659
3443
5912
4809
2977
6770
1056
6303
8732
6671
7389
632
4555
4562
674
8400
6959
9956
4668
538
7933
7047
5571
8578
5703
7679
759
5899
165
9131
1279
9215
6389
5225
4941
6986
5892
7137
3361
1258
9712
8963
8896
1114
6565
2690
3812
5545
6478
3282
7467
9979
9831
7450
4357
2365
4935
577
6061
2647
9046
6786
3214
2135
8067
2077
5496
2932
8717
277
3369
7289
6599
4033
1912
6759
2259
4060
5206
6909
8389
9788
8312
4654
6431
6169
7241
9007
8078
9804
5655
2129
1220
6234
7288
3912
9243
336
9606
6837
619
6382
7148
4793
6673
3239
7175
5237
3968
9654
1844
4220
6606
7911
8849
7348
2262
7833
388
4415
2434
8869
3843
4219
5296
8770
5841
5834
9412
1310
6011
1112
6031
8316
790
5509
7548
5427
6973
3935
9887
3940
2553
2564
6195
6620
1636
8570
6975
8321
2107
7476
7500
7351
1034
7212
2635
8718
3021
8208
799
1474
8289
5644
4174
8196
3409
2723
4593
1027
9683
4282
5442
701
4124
24
3162
7392
2742
225
8643
1433
7465
4248
9962
6555
2589
3671
2532
7012
4428
4468
5815
1493
1558
4001
9457
5778
4197
567
2325
4686
812
2307
9065
4159
7850
6729
904
1218
480
5627
8581
37
5991
1787
6168
1742
7841
6306
3603
7717
4879
2566
7071
1735
2220
497
5725
6211
5804
4142
3289
1770
9292
3816
6506
5642
3625
8754
8991
8550
5941
984
3733
7972
3041
2164
3719
1992
8465
4845
9807
4678
9602
3744
30
5852
5598
5376
1716
2455
3904
9419
7369
344
393
7605
6864
281
3077
2567
6928
2493
587
1926
4242
8209
9598
9091
7676
9104
2959
4422
3377
3561
9184
1661
1086
8970
7699
6394
196
5391
9793
4985
5769
4412
4081
976
4212
2907
5626
3568
257
9259
8576
4085
7152
5443
8339
1265
3435
2126
7541
1784
9531
7370
2747
5410
7377
843
6814
3767
641
2848
4653
4390
5860
9358
8183
6996
6353
3325
5984
7070
2144
3797
1084
8555
9350
481
4744
3492
5786
7018
7419
1145
2058
1588
8243
4305
2267
9489
3488
2917
756
6413
1914
9351
6905
9268
8170
8492
1449
6619
4967
126
7105
7336
442
110
1812
7447
3829
5746
2592
8173
5671
4529
9667
1841
5962
477
1003
482
1939
8627
4058
5807
1996
8939
9024
7504
4011
5140
697
8575
2504
5583
5973
8259
4259
2987
2113
6601
4697
6600
216
7460
1001
8901
8979
1292
2054
1855
3290
9842
3613
7410
6858
968
5619
6115
9094
2843
7016
2089
570
9465
6427
2241
8527
2908
5152
106
6541
9068
6885
2582
2217
8234
864
4725
523
5079
5168
7417
3296
3227
460
3892
9719
8784
5086
6396
1318
332
8331
4894
7628
60
8830
8948
6698
2462
2390
9087
5843
9739
9703
5477
1283
7582
7174
4287
5706
2459
4611
4939
133
7980
9283
4750
4832
3594
2522
7826
313
1366
230
4358
9746
8862
8998
9049
2179
5274
8112
1648
9431
8819
3949
7982
698
9694
1329
7734
2100
2298
1718
9729
9713
6043
5997
3778
2302
314
8644
7193
6878
8539
1328
7473
9790
6185
3529
7722
1794
1502
3549
8756
7349
8261
3495
9086
5369
5712
5414
817
1922
3507
9800
9140
7898
6256
3899
6807
9822
4787
2799
1909
2094
5681
5990
2555
4564
9177
305
6490
2238
9547
9554
5581
445
6910
5159
4459
7712
154
4069
43
9928
6341
1457
3808
1047
8108
2529
5229
3004
9954
2991
3716
6078
6221
1777
3036
7640
5757
1547
6393
5102
499
147
6062
929
3341
3932
5029
9895
2947
3923
3501
4518
9970
4911
4521
7324
5174
1303
5103
3624
1535
7000
8942
8033
5108
3850
267
9452
8875
3794
7269
7436
2345
1549
8132
1753
8409
6937
511
9417
584
8103
7614
5832
5510
3133
6719
6206
7292
3653
1797
4263
7733
3790
8856
4349
8119
9676
4702
7273
228
2453
6240
1346
7859
7478
8600
650
8152
4857
9542
9817
8205
4517
514
8729
7060
7028
4007
3591
7648
7760
9574
4000
7781
7923
566
7840
7514
282
744
3800
5675
1123
2159
917
4178
6089
6340
4241
9572
729
557
7882
7862
7098
1744
1170
7645
9767
1361
5383
9382
995
7715
7542
1322
9594
7786
250
8017
8633
960
1168
1023
7641
4533
3420
5871
4440
1065
997
323
6783
9355
5534
5683
3592
5459
117
9009
4389
5215
3506
5244
93
6311
3982
955
2148
520
3307
4398
84
9845
8832
2748
2854
4873
3429
8933
8441
107
8367
2076
9035
13
68
7048
2725
6760
3294
3522
8805
8075
150
6652
8157
5811
8745
4326
7737
9286
8662
2070
9996
5857
7662
7965
517
9536
9093
554
2496
2142
8518
3118
1157
7838
6440
9744
7725
7073
5097
6217
5844
9385
7068
6990
4323
7632
959
6888
4900
6976
9114
2866
9472
9037
5569
1245
2794
8040
9544
1585
4134
2773
5549
1195
8824
504
3665
7682
2664
9565
3497
5497
8613
8959
189
4582
9496
2072
3182
4111
9411
4947
4307
3174
4394
8886
4551
6277
4672
9427
1461
4302
6193
5657
3444
5213
2401
3937
5290
3688
1637
2671
5894
3029
2974
2789
3017
3986
9960
5575
7931
2255
2721
8831
8713
7498
7736
1504
1239
6451
6297
1910
9477
1963
662
5643
6848
6481
6390
6228
1171
8478
4126
1543
8459
5089
1707
3381
7593
4329
3057
1339
317
2294
1345
7535
7602
7257
3848
5727
8690
8265
6682
166
8027
5939
3978
8665
942
2891
8822
1870
6828
3117
470
3921
8431
9418
5001
8292
1791
8709
4871
6328
248
953
7790
5470
2247
2663
5293
214
8816
7643
6130
8162
435
4094
9852
2011
931
6349
9796
7265
4632
4250
1400
6295
8516
5109
528
5276
2815
6930
8002
1192
8344
5151
6148
4270
4570
1932
5422
822
4350
9797
748
1420
2557
4836
1815
3388
4844
4359
2253
5273
7118
7115
2198
9778
6520
7750
3445
1222
8130
8477
4290
1452
5003
4420
9153
8375
3836
3832
377
315
7768
7903
8481
7161
3610
1937
8890
2551
6558
7171
7371
9724
1434
5771
7873
2016
8363
6589
6125
7150
4374
1416
5060
9957
3058
802
3421
8401
1443
6244
3746
3454
4210
8048
6159
8110
4758
1453
628
6800
4316
1698
8655
611
6367
5957
7836
3049
1897
3065
32
2031
5259
2527
8343
8104
6586
6225
6207
4634
7375
2692
2121
3632
7114
1276
8908
3483
6543
363
3854
224
6254
2716
2544
9089
1492
5269
2497
5106
1839
3981
9591
8433
2975
6222
1876
9057
1774
5316
1225
6994
9714
6441
1118
8414
70
8850
7858
8747
4112
5026
8983
8083
6201
3709
101
8993
163
2717
9311
413
2858
5313
3471
2407
7251
712
498
7155
3195
4154
2444
7008
2119
8874
787
1211
3668
4061
3731
8741
1244
6782
9045
3634
4361
6663
5426
1957
4968
8521
4509
6371
3137
6038
1363
3847
4325
7331
5705
2373
9232
2010
6656
6468
1917
2485
3980
6951
8041
1164
9433
764
8988
6082
2543
1527
7332
1106
5444
7890
5890
1933
9890
686
894
8329
3451
9686
2235
3463
5025
5495
6804
5126
2093
3440
9871
9324
5342
6348
7346
4892
7650
8254
4341
3763
4831
5375
5594
289
8366
2197
4798
26
5480
8096
6178
8028
6683
4303
5335
8280
1172
9367
2140
5536
222
6790
7672
8019
9137
8446
5130
7585
137
2657
1395
5928
8278
9341
4109
8476
9763
8564
8897
5435
6892
2951
5685
8029
2057
8661
4183
2216
6801
6135
3566
4261
3769
3243
2593
1427
8039
5343
1456
8629
8444
5006
7120
9156
5050
5884
9907
9159
7930
6500
5084
7004
8051
2477
7631
7103
3641
1872
4466
2839
6177
6611
2091
7360
3950
7160
4240
5357
5686
861
8251
3805
936
2625
6218
3534
4158
2186
2177
4970
1877
3215
3959
8347
4966
1758
1139
874
2035
3708
1467
2339
7996
5749
8045
7255
974
683
401
458
9841
2175
6655
2837
922
5617
7887
6300
1153
1097
4759
5674
7042
1544
7522
8191
9384
5074
6112
6264
6956
1887
4818
7384
3237
7093
1576
9940
3546
1347
1230
2706
2141
255
2686
5202
2411
7281
9984
9611
2860
2810
378
6316
9148
4470
7540
168
505
3872
1278
7253
439
9444
877
9741
6387
4427
2032
5605
9192
1072
1569
7260
5208
5898
5766
9442
1948
4726
9251
1723
4416
792
151
6859
1596
1290
6732
9253
5359
4866
6654
5339
7528
252
7119
5942
4605
3795
2624
4548
4864
2258
3258
9692
7533
9861
2084
6495
4113
5451
6766
4834
2780
2903
9945
9625
5641
9857
7647
5153
4368
6752
6444
7974
5037
2375
2022
4123
3925
9287
9889
1424
1633
268
2888
7995
2296
2450
1901
912
7727
9280
7698
3163
7017
6497
1898
2691
5317
9911
6709
5993
2563
7849
8650
5441
5586
5933
1208
7090
6384
1435
9929
8247
6979
6896
6836
773
7932
321
9904
3774
5788
6539
5219
8504
699
5235
3293
483
3299
9407
3783
9399
531
9
6835
8685
162
7276
2088
8422
7015
879
1080
8707
2128
6079
4247
5694
8502
4075
820
8503
2662
5338
8370
4578
9328
506
3936
5330
6674
8325
3392
1235
3518
2187
5257
5403
7757
1375
4730
8044
9877
7359
8635
1149
2103
7940
7886
3473
684
7685
4616
9318
9700
2851
3725
7009
4406
6233
80
5328
606
8617
9102
1658
1565
9136
8947
9998
59
3963
4014
1519
5591
5700
4649
9632
3253
3988
8687
3916
913
9471
7422
4141
2228
6825
7731
4110
4072
331
5635
2695
428
6312
4924
5112
5597
8543
2270
3155
9776
6554
105
1203
7491
7163
7561
476
390
8009
2754
9061
1860
7165
6099
7953
5758
3608
6583
8109
8950
3531
9674
6310
6706
1581
9415
5183
5182
6118
2344
4465
3107
2627
9014
1437
6769
4216
1451
897
4972
6199
9813
3072
8306
9040
4295
1918
2944
471
8737
8490
856
4452
1120
8136
5308
144
3318
6513
4980
3415
9886
7197
125
6403
63
7801
3689
8340
1387
6007
8833
6808
5453
1733
543
3424
8262
6323
9391
5740
1133
9458
274
8493
1884
6432
8682
8674
2130
44
9726
9858
5120
2291
1238
424
9682
2601
6618
6251
3817
3218
3383
4825
7126
3390
5230
5365
1970
9141
4447
4863
7719
466
5649
9675
9175
3945
5885
5421
9106
8980
3183
142
2227
4209
2060
369
671
8222
4800
3612
3135
5950
3368
1655
9036
8361
755
4189
2973
7230
1286
5518
7960
4418
9041
9742
2118
6181
8181
4760
1142
1167
238
2001
2995
5806
7203
8092
9167
7523
8944
4868
6024
4957
3693
2293
4695
4539
5965
7702
1488
4010
4643
9615
2892
6626
5379
1155
1720
6926
9993
6213
4816
8768
6534
6419
9599
850
6498
6307
8580
2735
5925
2158
18
2178
5561
5382
5203
3520
1219
2049
6080
8253
5835
7275
4179
9743
16
915
1158
3930
8310
8835
5927
8495
595
1060
9454
5963
2392
1403
7023
1630
8250
8085
4621
8232
2132
9731
1178
207
8464
9022
1341
6149
4070
9062
749
6668
6780
720
3638
1854
4999
4597
1508
6242
629
4838
9735
4888
7250
9003
8398
8672
1212
8010
6091
4513
5907
2700
1058
816
4626
8591
9484
2273
3076
3217
8956
6186
4215
8556
8235
1160
1610
7104
5688
8752
1974
9288
1760
3375
1045
4856
4376
4238
9540
4276
2520
7345
6563
1460
6906
5460
5790
7576
9564
4285
9352
3893
4479
4336
3740
982
3558
3348
2809
4625
2654
2095
998
1069
2505
8818
1162
5845
2167
7181
8021
7689
3962
8545
1088
6925
1255
7926
814
3433
738
4700
4500
3586
9316
4400
1038
6797
5413
3479
4382
9978
1734
9059
1319
8263
1370
4204
5440
9196
2827
4547
6424
444
6004
8982
3327
33
1563
5134
2024
8612
3544
3008
3343
7153
2646
9937
2271
5865
6493
260
8780
5696
5491
2311
2867
7320
6246
8811
1228
8566
6863
6480
6155
2102
7327
1719
8705
3074
6037
3127
8844
9665
2445
2046
7857
1009
8915
7693
7393
646
2719
7803
4895
537
4192
7581
994
6813
6908
603
872
9125
4251
1006
4084
4429
116
7871
9991
3822
8062
3452
3438
6884
1878
2472
9748
5618
6267
5714
4718
1614
1749
1820
7686
3400
1523
3583
3749
7022
2366
287
2056
4328
1389
3714
3379
5162
3204
3585
7591
4417
7616
1028
9266
9848
2820
2397
5562
6113
3985
725
1404
5723
4835
5492
8169
8563
8712
3357
6331
6262
1463
4221
3646
5918
8861
2275
4687
6735
3572
865
7124
4505
1717
9402
4217
8093
8610
2906
3417
1360
6556
2350
6379
1111
5975
7166
8569
5500
6899
9166
4660
1313
2224
958
2460
3741
2605
9621
4407
6321
8989
9432
9649
5173
5361
753
8703
3157
6023
7180
3477
779
6922
8688
6919
2685
7261
9578
348
7196
6388
9222
9758
8931
3007
2180
226
1792
4881
5471
6717
3136
6796
8270
5252
1555
6852
5031
8355
9015
1985
9392
4546
1483
8873
4438
3806
726
2483
4444
2875
4425
8740
4859
5373
8879
437
8676
8701
7354
9839
4228
6163
7145
8442
4042
4502
7192
3711
7350
3330
700
8926
607
1430
2969
6978
141
7834
2149
9257
7356
4414
9297
1152
7142
8452
6346
758
2503
8520
9698
7713
7323
7007
1913
1682
4475
8728
4233
1132
3738
1176
3524
7942
5164
8026
5192
969
7674
4993
3188
4056
2958
232
420
2881
6805
7453
3363
8967
9860
352
1214
770
5802
4731
5951
7219
1965
8725
2846
1489
9398
7435
539
5914
8669
3623
3401
9913
9560
1728
2711
4140
6701
4148
8014
9522
5590
4128
7839
8454
2516
6715
2454
161
1182
6290
3095
5697
5456
78
9635
2508
2063
3804
2992
4293
6154
9450
771
6138
637
2930
8348
7811
4348
7390
3124
4696
7314
2552
6981
7036
6832
7557
2409
6695
2986
5709
5356
1959
291
1180
1335
5622
4817
1007
7967
5707
9291
9593
8072
8046
5624
1755
1151
2502
7112
5906
8486
5979
8659
7325
5640
3571
705
6680
4087
7213
6276
6095
3801
1031
6457
1653
2955
825
4451
1481
9586
6060
8144
9038
1289
7396
7902
2758
745
6527
934
8508
5191
9081
6694
4143
2418
1261
711
9493
4932
5032
9799
1330
1401
4587
2849
9710
7177
6172
7211
467
9690
7064
6152
4763
3926
7488
5614
5783
8871
3169
7691
3487
9111
6576
4774
8684
923
2604
8582
6476
1695
4385
2124
7244
3803
3386
4869
2436
7835
1348
9185
5987
4258
1743
7298
3582
3756
589
1930
7987
7296
9293
8880
3212
4815
8118
1810
4552
8621
644
5297
8870
8614
3564
1166
6872
2213
5304
5543
8050
796
2331
7464
1154
8940
5768
46
1775
6528
3314
8330
4884
5189
1793
7555
2316
6249
5608
2575
2498
8071
6544
7054
6084
4802
6192
7958
140
8789
6839
6380
5946
2515
7573
77
1715
6941
463
2885
9016
2803
3580
9197
8240
6081
6821
1727
5629
7303
4865
5238
1308
7590
4335
5319
2278
1920
610
6408
2289
9830
596
7228
8579
3448
2469
3565
9302
3577
3782
4226
9372
1305
5315
2715
6044
9435
3934
4161
7955
6972
9865
1647
1904
2775
2437
5019
3873
3615
655
3600
7343
9027
8791
8221
6334
3066
376
9241
139
6918
40
2282
2852
4202
3047
935
9322
565
298
4409
4997
4667
2833
518
1953
9050
8562
3874
7053
7052
4310
5620
2156
3542
6756
9925
5570
9859
9270
1036
2870
8107
4150
1550
265
5504
5558
4194
3660
9121
7191
184
3786
6966
2939
446
4713
4741
4473
4274
5604
3690
2292
7831
6076
704
2676
1946
1540
5185
6948
9201
7904
9921
2336
3283
7081
5814
3536
7976
2402
1834
5883
788
6110
9344
8599
1382
808
9926
5425
1109
615
8815
1317
8001
708
4772
5520
7701
251
9662
357
1367
119
2513
8913
234
4923
6678
3142
6879
733
9211
337
7913
987
493
8066
2473
2322
7599
886
2677
2941
296
5282
920
6744
6696
5094
7432
6357
247
4410
4089
1231
815
1323
3647
9753
9218
9451
8058
7572
8597
8887
2417
5810
1010
1494
9023
7775
4152
8121
91
3359
5280
3901
3026
1447
1798
1598
4103
8407
425
4043
8180
7214
4264
1138
6997
3112
4982
3304
6058
1538
143
319
3946
3194
8405
9357
5961
2750
1958
8230
2680
3385
1163
4905
6176
1861
7065
3043
1642
6745
2099
6988
3347
5658
5080
3846
819
549
4931
1845
8043
8412
5118
7874
9026
1013
1201
5895
7604
9828
2447
3499
4441
4023
9349
547
914
5731
9603
1270
8798
4681
9069
4674
131
1242
2260
9174
4906
9666
5472
215
6857
2079
4528
2163
6705
9736
2938
2419
3144
3249
8204
8160
6263
4620
1331
1325
368
2960
3264
9397
7218
7892
2536
2423
3469
3447
2360
6593
2468
9590
2488
7204
1174
5154
2924
8825
6409
2120
7936
661
9314
781
3119
3611
5947
7099
8008
1407
7385
9470
6806
4853
6236
7665
380
4983
3752
5577
3455
1936
2449
5553
2953
4405
4004
1525
5502
8385
2623
8435
3134
3120
8765
4455
1600
2549
1396
6844
2910
237
2645
2329
3736
6946
8337
9994
9718
4040
7125
1143
9825
8447
5107
8214
9375
8213
8573
2859
8396
4591
4071
6798
4082
5599
8299
4943
4568
5819
1177
6187
6540
9843
5917
3018
4424
3751
2225
1089
5157
4862
6324
2398
732
1455
2802
8692
1705
9056
4246
2693
2800
7383
643
8771
837
8056
9633
2927
2250
8013
9552
3891
8073
8291
8867
5679
3430
9607
3015
7571
2098
4332
6359
290
8264
1825
821
9760
2288
7861
404
3589
6643
3694
3973
1806
501
7484
3393
2581
3777
4572
723
2655
3106
8269
5593
4107
2869
8531
1988
1159
6301
4699
4118
343
7400
3705
1412
5666
3069
4262
4640
4119
6114
780
1856
4648
9645
7764
4599
3496
1135
3540
5247
1129
1173
4095
7988
7386
1667
1560
8678
8642
8594
6737
4450
9805
190
871
7709
1017
508
2640
1736
4165
8358
9353
1833
7256
5673
9466
2670
7084
2367
6314
1243
7697
5270
8587
8387
5803
4990
3019
544
9511
1247
5350
3052
6809
2463
2580
8054
4903
6235
9878
2438
1781
9897
7342
3462
7001
9339
6708
8418
3387
6632
8904
3372
7856
6420
6122
8060
9258
845
3931
8973
1144
1442
7043
8696
8294
3771
2408
5559
992
4850
366
6434
5736
3837
785
4602
7038
8063
2287
1480
8207
5913
2257
9879
713
6325
3312
7254
5417
1042
1641
5466
8098
6713
6260
9646
3426
3035
5076
4046
188
4545
5279
6587
7755
949
1377
7851
8287
4364
3191
4191
8592
555
6182
7472
7487
4120
430
5730
9947
2261
5412
2812
8382
3209
5155
6486
7563
4846
8124
4658
4255
8272
3574
9987
8473
8530
800
3126
8966
1964
3199
8586
7117
5817
5013
2323
1799
3538
7845
4106
8000
5448
6120
6851
6515
6036
5209
9900
2327
8126
2900
7607
4471
5532
2599
9601
3310
8785
6047
8568
5249
7503
9154
4375
7226
2899
1684
6284
145
5753
8016
6880
6718
4367
264
592
3266
8199
6522
4297
638
901
3593
6733
3717
9553
6153
2231
4807
6845
8759
7402
9212
5638
7249
8034
7852
5390
1426
3737
7754
5478
3657
7063
9557
6105
4989
2985
7391
417
1384
5018
2728
159
465
7909
9082
7860
2013
8288
6578
8111
7925
737
4411
2699
8786
3407
308
221
2962
5142
8410
1293
5808
3876
6624
356
2446
8091
2290
9116
3730
4944
2404
4360
4312
4053
6435
3027
714
2814
844
3170
5525
8596
7199
3428
7728
4769
2628
3627
6053
5566
4896
1095
7778
5167
574
3902
7769
7927
5858
2586
4799
4338
4132
857
6339
5879
8884
4090
8727
964
6282
4434
8714
3011
9263
9580
2036
876
4337
7525
127
1221
1559
7387
2500
9730
9691
5550
9124
3233
7397
4823
3305
4682
2458
1121
1693
673
3232
2771
8482
6189
5535
2239
5720
8716
64
5880
546
6582
2466
4703
6464
8532
2008
3833
271
3344
1350
3098
5066
5286
3349
7279
3735
9876
2279
578
743
8657
1808
6416
2587
782
9160
5093
6934
9220
8618
350
6777
6273
8197
6533
6711
3588
5024
2029
7536
7677
6092
288
1573
7779
3754
586
6992
156
7302
6660
9689
4100
2784
2510
8757
3456
9888
9811
1414
6146
8497
694
2421
1526
7121
3723
8561
429
8528
9614
7644
2524
4186
9479
1515
6542
8224
4534
2053
6157
580
6226
2785
9520
1911
5794
1399
9337
4673
9039
8219
5896
3823
1280
9294
7773
1666
751
3635
450
6354
2877
8730
3453
5526
6670
1117
1941
3882
2393
1137
2383
99
9775
786
4313
2978
76
3222
7285
9782
9172
833
2389
2188
9585
9967
5210
3457
4066
3877
3254
7872
2797
1297
9453
1601
6914
385
9030
9269
2481
7128
6991
5394
4155
8533
8413
4501
3880
9299
5789
8024
6415
784
1769
2169
4347
9529
5457
9423
8515
2665
7671
2487
1125
8255
9884
2853
1539
3033
6588
4797
6015
659
3491
6530
5547
90
5176
1621
4635
4164
9939
866
8699
8423
4130
6330
9650
9480
4604
1134
7010
5511
1287
2114
3362
7059
2661
1597
4249
3789
5639
6188
1246
5919
853
2410
2506
6433
9882
9373
5713
3699
9673
6406
3189
1102
9235
1617
5711
1311
5659
7408
4583
6453
194
4234
6067
1126
6397
6484
4950
5721
6647
778
4614
9869
7919
9188
3839
2576
7969
3351
3712
9840
1161
3818
9971
3039
3970
457
8628
1051
1227
306
1185
862
8004
9237
4751
7492
8958
4284
5994
8670
4814
3504
6219
2884
9561
9146
5091
6912
9386
6924
6298
1831
2648
2521
9504
5830
8074
4510
5902
6633
5741
4690
2679
7438
2209
7970
17
2146
9115
7638
9143
375
6689
4543
8305
5718
5204
5929
4710
2486
509
4955
851
2868
2749
3482
581
4346
2359
4296
7592
83
3265
1136
4227
4304
5240
7524
3418
284
8868
9644
1643
9754
301
6840
2916
9510
9771
7617
2380
3309
1294
2519
9826
1757
1952
8179
3025
3236
5537
3481
5563
7179
3158
8395
7
6904
4631
5926
6052
4778
266
243
4402
2152
6957
2874
1110
4912
8554
4278
2378
448
6253
7739
2280
7917
6913
2002
7817
2196
6638
8801
7797
6512
4317
9546
5387
1101
775
5557
307
933
4480
6538
5268
1202
3521
5754
3655
9238
5170
3952
5070
4144
9390
4877
3526
7206
7262
2499
7489
896
9157
3900
5329
9343
6191
3810
5868
1391
5859
2574
6775
2021
5386
8990
579
6402
2193
6075
5352
3255
2412
8779
3167
6548
1336
2933
8313
7033
5738
5062
3125
5355
2264
2568
8122
447
1466
4913
6184
527
6629
9943
5875
8778
3097
5327
9787
8585
9668
3320
9566
8797
9969
975
7979
2980
6684
8174
6784
5110
9309
8238
7013
3187
803
7924
7776
3987
9032
3787
8571
6458
6442
8847
5228
4566
3242
2534
7187
2550
3849
2518
4435
9581
928
9555
7159
1371
963
4976
9623
4442
1353
5613
8507
1224
6449
9584
5743
7526
8138
5717
5548
2467
6865
8184
6795
4677
1343
1814
4462
4574
333
3193
9609
3131
1987
3328
9637
66
3584
3890
6322
6455
245
6439
8810
4663
4519
5508
2371
4149
7441
9010
5574
2511
1484
3306
8257
2170
6728
2997
8920
6545
7515
4321
944
3996
7267
406
109
8536
7061
9517
2621
9490
9798
8215
6636
3056
4916
9502
8511
5374
3633
3888
6466
3208
6102
8031
5529
7243
1105
2979
9562
5354
1657
2734
8053
9132
2607
1146
5064
8451
9823
1591
947
954
2470
7077
1131
1440
2161
1608
6608
2138
7549
5345
2525
1863
9406
9267
1264
8637
3413
5554
7490
7848
9233
6399
4828
6140
1275
6985
5983
3927
7499
7362
5251
5197
4318
8774
8479
5306
1032
688
4608
6637
1629
6066
423
6313
6093
8244
3835
8891
696
6788
316
8025
559
4108
9965
9521
1263
1902
2963
2303
9711
3023
6722
2333
7623
3661
575
4771
2817
3358
3587
7182
2708
3604
7495
6499
5823
4260
1603
1364
634
8145
1613
1659
5476
3030
6287
9507
4102
8364
45
4493
5735
7952
4098
362
438
8995
3828
4511
1706
9849
5848
236
4974
5311
8909
4885
1724
5805
991
1593
6820
8932
9365
3929
4594
1832
8695
8605
9348
2015
6039
8239
7313
8397
6461
6889
4484
633
6224
5291
2212
2738
2448
2705
9088
4937
402
6144
2912
2898
1583
5047
1545
7813
9105
9932
2199
6704
8468
9420
6483
6818
7316
8484
3993
1501
7889
7221
2739
6446
7259
4918
2644
7026
8808
8719
9098
8846
5981
4446
5078
989
69
7440
1349
9600
2269
2936
838
6269
4734
7378
9657
8303
1369
391
9327
3656
7035
2314
6812
3432
7216
123
937
2989
3525
7915
8371
7138
2044
2730
8957
3523
2722
8514
1626
7559
3464
3207
9774
9972
2834
5544
5888
242
1081
8353
9164
6639
7425
3590
3478
4901
9438
2256
3824
4145
2012
3141
9677
34
2649
3830
6136
1692
6299
3055
1976
2769
5326
3250
8042
3947
8198
5693
9103
2952
2606
556
2808
2237
489
7949
8171
6119
7991
9930
10
183
3116
6955
9234
6450
1802
2650
6010
8471
2542
7135
4298
2583
9912
9537
529
3722
1748
5363
7496
5399
7669
479
3365
1199
769
8841
9129
2206
9013
1066
2131
67
4977
3878
3807
5980
5207
1213
9101
4810
9455
9740
658
2425
4679
550
5668
2707
8193
3270
3020
1947
5861
4650
8653
5891
5381
4581
3559
8877
8399
7652
2887
9043
3173
9144
6142
9413
5782
3809
1491
1999
6268
9376
1805
2724
3724
4755
8549
9033
647
2807
8311
72
3697
5922
2320
7830
9620
8547
3168
6198
6964
9464
5065
3175
3200
883
9203
8999
8167
8480
2776
8783
7209
4032
4996
1140
9155
9034
2689
4964
3024
9012
4577
8345
1838
8919
240
5325
750
9278
4782
8903
7414
6635
211
7471
5636
890
889
5584
3581
2475
9642
2633
5420
345
1830
5258
4803
5428
8068
5254
3006
6710
108
5949
9274
8951
5948
6180
7220
3966
4019
1150
1813
2531
5732
8129
4078
148
3192
7747
9362
5710
6326
7532
5954
4064
4268
6459
8660
5429
2608
3231
5607
6381
4331
9369
7554
5178
6208
155
8
6248
4589
1402
9139
5799
3844
2422
7824
3734
7772
4114
373
6793
3974
9110
9249
8420
5772
8281
858
7664
5199
3793
9118
7799
2192
6275
5541
6965
5775
484
102
6158
9734
1971
2326
1498
3301
6510
1518
6098
259
3143
6736
241
3152
9133
3715
9923
668
8936
8128
4378
9701
2634
8268
285
6893
2252
3319
888
9608
6255
1773
1165
8117
1722
1759
6460
9526
410
6452
5067
6223
9569
6364
9872
1468
5989
6628
3883
5287
8522
487
5115
5986
863
4439
3672
6164
1029
6030
4743
6803
8125
9851
1553
3535
461
8787
5232
2591
6974
7024
1030
6482
293
6204
7237
5897
8574
7827
4698
878
718
1768
2047
3342
8987
3044
2052
8368
3990
2078
9083
7704
2251
4876
1634
2195
6833
2428
956
5077
9478
4016
7869
5145
3223
27
911
328
7828
6160
2554
6261
4369
3244
2703
9388
4784
52
3465
4343
6209
983
4252
7975
7844
3048
6664
5680
9260
5400
6521
8301
5873
8151
4627
6740
9619
5128
6742
4039
2150
95
4550
6645
253
8087
5082
4432
1062
1315
3211
7770
8245
6447
2194
9538
4499
4986
1514
6016
4
2431
6342
5827
6743
5647
6517
4136
8679
3675
7782
6823
3630
3267
8758
57
9400
9693
966
9794
7745
5826
5976
5900
9618
5612
516
941
3470
5300
8965
1064
2424
4558
9837
469
9827
8390
8608
7589
7280
6980
4576
4488
3397
3533
4927
6117
9168
3780
2913
500
631
4623
4736
4180
1496
7981
8276
5953
6549
8381
5567
691
3881
8080
6523
4205
9300
7962
5475
7896
5938
2400
415
7564
4239
2020
3908
8615
6045
3252
5774
9307
9383
5652
6018
3202
6281
9915
7027
7843
8749
9029
831
1843
9653
1552
7373
630
8646
6866
4897
8790
1940
124
6890
3840
5149
4300
7039
2501
7615
585
6350
1890
3350
9310
1266
8552
2300
4507
666
2317
6731
403
8753
892
8168
8626
6215
3999
612
9304
7690
5825
3919
2232
8488
4344
3147
5756
4540
5401
6129
5785
6881
2611
5932
5337
3257
9503
5465
2168
9514
9595
3186
3508
9844
2993
193
4333
6463
5049
1512
2798
7305
5341
7271
7123
6700
5881
3569
5344
6787
8475
1186
5564
7097
1531
2919
6557
9119
1938
4694
2984
3811
7805
3704
9905
4603
5336
7707
7031
9321
4280
7074
8609
3573
1763
9394
9331
223
6936
9643
4496
8233
8218
396
2940
1248
1580
6616
4645
9428
4153
1680
2597
1236
3961
9671
5487
3371
7403
2117
902
9518
9173
4738
6625
4557
5055
6771
3005
7984
6677
1780
2880
6761
9305
146
4157
31
3315
9670
4651
2074
4131
3246
5667
2489
4208
6279
6995
5587
414
1534
7239
8505
8440
436
813
7804
4327
1885
9469
4705
7934
4958
9230
5035
5193
6425
1882
2787
9414
9236
6428
4008
1477
5226
873
9901
5433
5692
1063
5051
2334
3679
5218
9042
761
7361
1779
5920
3353
1436
1342
455
9161
2474
2045
5840
1048
7516
640
6292
6944
2701
7956
1925
1620
3460
1886
7740
7720
2173
5867
664
5853
3275
2590
4914
81
552
2727
670
7278
3442
4068
7708
7818
540
206
6730
727
3092
3976
5234
4524
8192
8746
1561
9873
1818
5820
7242
4456
3670
1905
2641
367
7552
6605
5063
4641
6535
4585
1085
7268
8899
5576
4431
9072
5389
9486
7761
2857
735
810
6165
9516
9403
6407
4026
8857
3494
8734
5136
279
9467
6603
7286
433
5056
2092
8317
4891
9214
1700
8037
6005
7030
6968
6087
7379
2763
9989
533
605
4753
4256
9679
7905
2767
9854
6401
3933
7295
3439
397
7457
3842
5058
4606
3509
6714
1021
9379
7825
3748
6577
8438
5524
1702
5015
8448
939
8458
2272
3761
3914
2039
4482
9535
6009
8137
7634
7144
3887
4542
6243
7025
754
8350
9976
9425
1879
3486
6469
4037
9641
6849
4397
2999
4951
5464
3101
3505
9933
73
6725
3991
7353
1490
6475
6272
6894
4184
2762
1750
5462
6351
1210
1104
4054
2850
9931
7920
7330
47
5676
8565
623
5353
1240
2737
3775
6259
9326
2349
2405
9295
8496
3729
2394
7629
824
5479
3674
6874
7306
6688
5959
898
2911
1340
3942
8012
4351
1679
4963
2537
4281
2702
9550
5747
4354
7675
8945
6958
5163
8854
9408
9495
3894
49
601
9422
990
7127
431
2226
7427
4691
2346
9814
8282
9066
2201
8892
8256
767
3619
4644
9757
627
6734
7687
7368
7829
1767
8955
8100
176
1635
3373
9021
8803
6778
2413
4561
9810
9180
5600
7186
8164
7622
2406
5030
1975
5223
6250
2954
5333
6020
6049
7863
4887
98
5813
1018
4883
8829
7746
532
7231
8598
4629
9356
1393
835
9461
5568
7938
2732
7376
5793
1071
7667
1296
1378
6666
6343
3677
4288
4486
9246
9250
5787
8848
9821
6175
6088
6257
8809
129
3956
6283
6143
1307
1638
173
1354
4559
4003
9506
9680
9964
4870
7420
649
2254
2619
3698
6697
3081
951
9697
8474
7122
3434
9445
8335
5042
4992
4531
9715
8930
9688
9255
2825
7075
9705
3696
6411
5059
1094
4401
2110
2909
7469
1271
2990
6826
4387
8374
1807
186
8432
1302
9880
2588
7140
4952
1554
4638
7300
4965
2083
9508
9604
4030
1606
8921
2667
3391
1772
7317
7529
7891
9651
1829
563
6085
4794
1082
4083
9284
1906
3958
42
502
9587
8094
7680
6258
7437
3983
8127
1083
4707
3229
2612
9209
318
1594
7973
3851
5719
9107
4636
4904
716
5519
1785
1929
9378
8671
5468
4795
3139
3367
1333
5408
5573
8845
2249
6817
6366
1078
6035
1487
8156
4203
2234
5275
2844
7723
4855
6489
4006
8666
9973
7842
9870
5978
4852
5071
6916
9363
4657
2211
2066
1419
5085
1020
6811
8211
1039
329
5660
9678
3650
5506
5467
4595
2139
8020
9436
7227
4272
9290
7798
4567
8023
2219
7544
6967
4925
7224
1025
6171
6524
2310
411
730
9530
2399
617
1973
2151
5851
6518
4495
6410
1836
8842
7688
7405
854
7506
2548
6846
2343
9846
6308
675
9927
3562
1981
7899
921
3091
180
9231
4091
2777
7820
1669
9340
3338
7877
8742
9138
8011
1215
4175
7642
9460
3160
6491
8293
4433
7326
9617
2790
6048
2416
7794
1745
3865
9018
867
1880
9147
2136
932
919
2966
4139
4919
7583
6108
7683
1783
6855
4273
9707
9570
3149
2541
3100
2482
7792
4021
87
384
2452
739
7076
5998
5945
6511
6467
680
7560
6649
88
9942
3311
2982
4436
7609
1934
5762
7240
6690
908
4740
6156
310
8226
1216
9334
9395
572
9795
1033
4833
3907
1444
5580
8120
4283
4704
9368
8827
6596
3104
6799
294
3554
8342
7374
5147
2006
3941
4392
2087
3745
6412
7883
1529
9781
5977
2871
3726
1622
8838
1671
7049
648
2030
3111
4419
3087
5036
1454
6123
1712
8165
8546
6774
4237
6167
9543
5002
2741
9636
4739
7021
8424
5141
5392
9487
1092
777
1282
5133
2492
9182
9273
2202
8391
1865
1801
6309
7337
4253
203
8652
804
7215
7957
3130
269
8453
2862
6216
8781
6021
9545
8946
6436
2324
7574
5450
9468
8651
9924
2630
9558
5116
4786
4661
2243
9476
9017
4275
7149
690
9245
5764
4714
7429
827
122
2826
6551
1972
5010
4717
4573
1979
6723
8704
1050
7854
5246
2902
826
967
2461
5623
157
4101
4724
6392
1572
5298
1386
6531
7406
2182
9720
478
8935
1628
7678
789
1190
7318
5396
2610
2915
6900
4813
875
1546
3669
952
2064
1358
1980
8260
3575
977
55
6019
4922
9149
9786
1365
199
8052
8131
2967
4824
8200
6101
1300
8190
8123
2274
4680
9704
3256
4319
4076
7763
3676
7668
2560
9815
8467
2743
4236
7189
4712
152
3235
6006
3085
9627
4025
687
7819
5866
2726
1277
7714
6724
3459
3268
7005
6553
4177
4437
8686
6454
8540
9130
1732
1619
868
1541
9613
4067
1098
9801
6891
3713
7864
4956
2476
9025
5099
399
513
3820
7788
7663
8003
6229
9199
292
1677
118
2753
3954
7992
8794
5124
9223
9075
3300
766
3179
6094
3380
8038
7546
5397
9112
3915
4171
200
4055
5351
8658
6426
8296
7512
9020
2145
9898
3269
669
254
7486
341
794
9802
893
5009
8711
6687
5266
9899
1652
924
7141
1497
3103
3051
7183
5111
1612
6998
4991
4899
1752
5233
7901
167
8403
3720
9109
1503
6592
2920
8763
829
5482
1274
763
4875
2926
4314
7985
3059
8583
5272
1857
5255
7225
5398
1714
5129
4929
8535
249
1662
1686
3514
6843
9745
8634
8188
1548
114
706
1983
4683
5090
1966
3870
4945
8924
636
4775
6915
1004
8419
7807
9481
422
3939
2878
2377
35
3219
6097
5761
6971
202
5836
4685
8927
3629
2420
9063
3437
3759
473
9113
9764
9078
5224
2694
1771
1388
4487
7939
335
880
1654
8537
2080
5278
6278
4292
6609
8449
1982
7566
6190
6012
3277
2372
7681
3707
5522
2104
8916
3678
9364
2613
4590
6562
9727
7367
8357
5485
5970
4569
2731
5670
1016
2172
5937
1356
1022
9541
5409
7401
7066
3114
7520
3323
3853
5831
8372
5818
3825
7584
8761
8189
8249
5664
6575
5540
3040
2964
9219
7922
5988
6984
4515
4207
4756
2033
602
5158
2073
3551
7809
3425
1615
4308
1650
3412
6064
9330
7735
6615
2244
5551
1406
4453
1961
5596
179
1664
74
7570
962
9190
6505
8762
9229
9108
6448
3781
5960
4294
7730
2115
7846
3138
5528
5285
6335
6792
8434
5431
7586
1511
1257
111
2578
1091
9838
1357
7407
1701
1450
1528
8885
3841
507
4706
2988
1383
8141
1616
4370
7867
5682
4861
909
823
6585
5488
8893
3276
1040
7247
6070
7287
3396
3339
2014
1175
6932
6559
3560
6096
22
8161
791
149
9515
613
7780
4949
4841
2556
8624
9176
2382
8082
8840
4586
1900
6691
6791
7878
4709
6271
2122
3423
1445
4727
8176
5579
89
8638
9207
5123
6829
7069
5045
8491
115
4170
1410
6320
7497
5436
7577
1607
7062
1746
6860
677
534
8641
5377
6051
2603
4796
2321
9909
5260
8992
4642
3532
3177
3001
1273
9006
325
7398
5307
8402
7853
1586
