1275
3744
7648
4515
5605
5006
8184
4917
6135
4429
6479
7409
2320
7009
6945
6589
7141
4582
4106
4132
5951
2713
1146
1758
4773
5761
2234
978
1475
9737
9681
9587
3071
2992
491
8458
756
9097
3294
423
3116
6380
3872
5777
1787
2737
549
4078
6425
7434
5574
541
4527
8550
9827
7460
6170
9839
3242
7750
3805
9244
4068
5567
924
6744
4750
2553
2801
7062
5800
2606
4370
85
2323
4857
9956
9163
3909
4531
4632
2990
3871
9120
8262
6445
3069
7766
6032
7574
1707
1886
2311
1994
6410
7436
7922
5072
6178
9511
3253
1344
9609
763
8640
4008
4506
6715
7615
3091
703
511
4723
757
1971
3792
705
5884
6797
2486
933
30
8439
3195
9945
7171
9399
9049
3164
2805
4208
6750
9573
8530
4229
7441
6896
8358
4708
8991
2170
3162
9442
7573
9404
8506
7494
9708
4031
3424
8548
4838
9789
6440
3853
972
4519
5465
6881
9898
2880
2876
8008
2939
8565
593
2950
1851
7911
6260
4924
9121
9788
3031
9697
2819
4142
2718
3251
1262
9585
8602
4053
6515
816
7505
4830
8212
6296
859
9300
2450
4824
3257
2347
9964
260
6081
8877
7253
6359
922
7151
8254
5436
4306
4479
9974
1619
7667
5752
9701
6761
335
3394
3931
9476
238
11
7597
7614
643
1612
161
9290
7374
353
4052
9965
5387
1448
6230
4680
6915
5379
7644
9591
8293
4478
1617
7343
1354
5539
4903
4232
6939
9219
9732
3332
9632
8815
2851
8378
6146
7023
5506
5978
6961
6034
8687
636
142
8682
4536
1641
4095
9226
517
3975
203
4147
1829
8483
5801
4283
5352
1477
9695
1939
8546
5613
42
697
1889
6127
4775
8933
8987
3979
7422
6986
9314
1801
5971
5851
5543
3664
7556
2395
424
4487
2582
358
7729
2571
6002
319
7714
7529
9035
9555
9185
7143
150
4721
2687
6267
5549
5010
6620
4609
7453
6285
1923
8169
8094
2083
3245
2239
9431
8491
9348
5875
4735
4730
5871
5112
2495
9825
3303
5947
8129
7084
9517
1992
8556
8414
1501
4671
2033
8909
2015
8612
4674
1927
4187
6931
336
8539
7089
5769
139
5434
3886
2972
529
2082
6854
8415
9208
1746
4605
8761
1693
8080
9192
833
1544
8511
2576
533
7059
6536
4690
2886
3526
1230
7382
3940
5455
1497
4404
2067
8850
4516
9452
6367
1333
7061
4703
4196
6989
7439
1282
8501
9344
2197
5301
7649
2498
602
7795
8898
8964
2678
4863
4211
2936
9267
938
6217
5599
5968
2922
907
6455
508
1287
9862
9265
827
3788
8662
298
8155
5477
4415
8836
6270
6391
2466
8945
671
7461
1296
4273
1167
3112
3118
5899
3238
793
4128
9508
9741
4160
8841
5910
7352
900
7897
799
4448
5878
8731
4746
7900
4543
8555
251
6030
2075
4398
9148
7219
7632
5234
149
304
6531
5609
7869
5175
8187
5516
3146
2807
3839
2481
7910
8162
8705
5685
4032
7316
8238
1558
8500
4867
4963
5873
2625
3544
8619
5103
940
5102
3630
1060
1279
6168
2641
8895
6777
9612
452
9136
8989
6048
6404
7899
8853
4956
9126
7736
4640
8013
7577
3409
5824
4794
6802
101
8888
7923
5635
5716
2994
2516
2890
5040
5335
6256
5407
969
7429
9188
9819
9052
9832
8280
2703
7513
1796
5307
7974
3463
8367
2464
8429
1097
5036
8852
3824
8586
3913
3422
724
4752
7942
8152
3947
2407
635
1660
7096
7960
3025
2428
2451
6299
9457
9976
3270
9360
2153
3065
4152
9080
9674
6710
8159
2568
2745
4793
3404
1141
322
6976
5585
6984
8776
3281
7563
5124
1153
4105
880
2431
8369
7686
3395
4403
8706
1175
4153
2914
4920
2278
8975
2329
9074
4399
9251
1601
2131
3056
1655
3296
1021
1839
2357
3273
3214
3470
5744
2369
9979
350
4049
8517
7599
3901
6072
9650
1210
2630
6624
5562
4082
9092
5564
7113
9736
1797
8285
6799
9852
5844
802
7119
2929
8675
5312
2860
637
3998
3439
2509
3660
8873
5426
6516
2761
9705
1169
9506
8278
2338
3440
4573
6195
3482
8016
2052
1546
5060
2049
9021
8215
7166
2214
2664
5705
7306
2852
460
526
2123
4100
3046
7387
3672
2229
288
4507
9563
4571
7240
4732
7190
9952
4001
4175
3613
6952
6689
5743
287
5723
8783
1103
6370
4482
2861
3291
1912
6592
4639
6343
7980
2836
9491
8863
3888
47
4064
7069
6279
9051
6133
570
7266
136
7274
2730
6352
7504
3828
8015
2632
8929
2129
2919
7807
1324
9003
1659
4509
741
2756
9433
6115
6857
4086
2117
3575
2646
3606
7815
5002
9733
3705
6448
7722
3419
5209
2911
3520
4983
8519
416
9958
6713
317
2392
3316
6494
2020
631
1766
9669
2282
3258
8582
9496
3556
2243
9250
6856
9238
2874
1218
6707
4560
6532
7351
2654
9971
9888
4252
7468
1594
8395
5056
3495
4613
1401
1888
5117
3780
7600
1873
3074
2908
6283
4590
5138
140
8388
8684
8430
1682
2012
9985
66
8694
3177
6690
5057
9001
5279
5495
8377
790
567
9353
8821
9905
8911
3773
8416
6648
3329
9723
4290
1442
5438
8667
7971
8009
8573
9422
7906
6992
6041
2198
9484
2941
6523
8460
5782
9975
667
659
6119
9731
241
5883
3244
5432
2520
5831
5249
3622
6958
2222
3220
9165
9668
7003
5437
9961
2013
5362
2736
5433
6493
8287
9795
7788
9304
2127
7779
882
2473
4995
2059
1017
1820
3437
599
4770
9411
1014
7372
3485
9886
5795
7972
3699
1207
3629
7949
8758
6171
44
8362
7619
169
1369
7052
3362
1719
6371
7678
2915
7996
543
8822
5127
2455
9988
3566
6611
8560
1206
9480
261
1383
1134
7403
3966
9499
5678
2016
5256
8306
7036
4287
3374
9301
1974
1350
903
5915
5830
3541
6600
2220
3301
9748
3994
1830
3217
5080
4952
9743
6049
7952
3038
2968
2457
1069
279
9972
2551
5380
9037
6123
71
6554
4191
9551
5583
1349
7465
6760
5413
4803
3623
4821
3736
8448
3132
3874
2479
7947
8525
731
6059
5064
584
7800
814
2305
412
205
8270
8816
2290
4928
5662
655
9565
7213
473
4378
1878
845
312
4982
6720
282
4071
3545
9954
3953
5469
5410
966
2259
8753
2003
5233
3341
1129
1460
6735
7539
606
1699
1454
2233
1588
7655
2871
9450
782
7581
7308
9842
3988
7102
8814
4528
803
8288
445
8122
2791
2854
3899
8690
7865
37
3973
600
9539
6023
6470
5020
2506
5120
2556
6994
6385
45
4623
5480
8014
7738
6144
1307
6226
5013
7832
9448
9727
9044
704
53
632
7998
2796
2327
2765
1082
847
4279
5160
311
1144
2139
4529
4731
1572
6297
3596
4828
5154
9970
4389
1067
4111
4326
270
5559
4627
6670
826
1185
5860
1639
9412
9107
4241
8576
1727
6863
1565
6601
5007
2022
2711
6950
6852
2500
2956
5464
1358
5511
1743
7057
4868
1938
9269
4315
3223
1808
2892
3775
6572
8026
3579
2265
3276
2729
8908
6132
7139
8634
1567
90
7757
1094
468
527
433
3757
5012
2638
5835
1736
3051
344
2769
1514
7359
6910
5906
7072
5373
2619
7842
5905
1694
6495
3887
8003
6652
4266
4710
9651
6548
2901
38
2165
6972
7935
656
8977
3050
7261
3287
3891
8337
9653
1338
6808
8902
8073
8609
7035
5073
8130
9089
957
8351
2829
2840
6782
9425
3961
2246
9409
9877
2548
2590
539
6052
2649
232
8342
7741
6508
1260
1711
8018
9494
4226
379
8379
1236
2102
2592
1505
1168
2224
7627
5053
4500
7523
3491
5555
1318
4174
2038
9703
2642
7018
2030
6258
103
5649
26
8311
1258
6215
4466
5781
1352
2932
1034
1513
6413
1368
7521
1750
4472
4489
5954
759
7825
9375
5659
3283
4173
3114
4851
7541
8467
296
3241
9906
8775
1032
5545
7828
3462
1086
2372
592
8664
486
9868
4556
6831
959
5669
7347
4301
9349
6247
9942
1500
9925
9919
1190
4237
2588
5418
2378
547
2288
8075
6886
5476
8894
3948
3542
9455
91
5805
7701
6991
3585
6211
6339
6441
1123
1759
664
8901
4140
657
2364
4709
557
4337
2969
2050
5223
5284
4334
3102
9595
8906
7708
6243
5995
687
1668
6076
6889
8648
4382
6026
7289
6481
457
8445
9125
6079
1380
6197
7985
3862
208
2302
906
231
6776
3846
3306
2171
4413
7665
4986
2319
3014
8998
953
8190
451
7103
8787
93
5263
1943
1952
245
9468
2273
1541
3819
2677
480
2857
2627
2986
594
6456
9992
4700
7339
7621
144
4495
4312
1891
8240
1633
2284
6842
9678
3361
9794
6100
2758
9195
2656
2762
8004
9590
420
3881
8963
8461
2046
2223
4023
4000
5155
8794
6748
5976
5563
8179
9711
3636
2781
1989
8708
4010
2552
4158
5725
5488
4079
6428
8492
3062
364
5101
3989
3443
6045
33
3108
9154
4024
6379
7831
5760
7211
5472
7391
8734
3312
7679
8202
9004
5958
5780
4522
3093
4253
3704
133
4502
2179
3565
4997
7918
4486
1595
9537
1717
6607
9936
4212
605
1744
1446
2024
8652
4228
1951
8531
9046
5182
9227
7630
4677
4604
6556
2255
9167
9846
34
8290
1865
3471
974
3578
46
2043
3400
5035
4146
4945
9582
5212
4129
3436
4137
25
7669
4678
7310
3974
6682
1083
6057
7202
7100
6423
2412
7872
3503
8332
7674
8428
1827
7975
9403
8105
7170
7532
2240
1434
876
8246
6500
2300
7609
564
4925
3666
5396
2304
5092
2788
6395
8659
4170
9648
2603
7367
4907
8199
1737
8082
7771
8041
4
6091
1826
2841
1969
156
9042
352
3807
6829
5885
5406
7236
5523
5739
5075
4116
1172
8957
9268
9277
5879
8672
1525
121
2996
7497
6847
2583
3708
6196
8086
1550
7760
2708
3927
8407
5082
8243
3380
5594
8310
835
8870
273
8072
4785
761
1590
5738
2248
9833
9367
8256
8839
6085
3832
1645
2405
1828
4612
9996
668
9079
7079
5172
5485
1126
9531
3866
7130
3826
9707
8404
5487
3842
411
40
1526
428
9303
3671
6654
9229
6235
8878
8178
1657
4523
9135
2339
3587
5790
8315
9514
1316
2598
874
9157
240
9162
9580
4938
6504
7286
2721
2684
5374
6512
7325
8386
6995
8189
867
3968
3559
444
2675
7108
5556
8227
3683
2176
8663
3588
960
4423
1128
7445
9445
2529
6103
285
4728
3857
1391
9186
6330
3377
1832
5614
1204
6254
4118
5417
9830
7442
5186
1365
3064
923
8216
2297
1283
1662
815
1340
1577
9781
1332
6832
2442
6263
3727
8474
8308
5538
614
1823
1278
278
2704
1741
9233
670
1329
9114
6148
9505
1869
2245
1138
1040
8455
3759
4843
2872
100
3408
1561
9615
4092
2365
3840
5935
8499
8559
8307
8374
8876
6698
9032
3781
3466
5785
7700
9369
7148
2692
4151
6177
4267
389
4341
7950
3589
1933
401
4028
7462
3259
1860
5457
1341
2523
8951
9260
862
8542
7508
5336
5909
895
5425
1162
9690
8535
7934
8
9874
823
1637
1407
2497
9498
5494
9605
3190
8348
5241
5099
225
6549
8886
9156
883
8292
9096
9048
1686
2689
5658
612
1265
7125
3884
9540
585
8930
554
3985
2280
3720
6700
792
7744
7847
1403
7022
125
4494
6360
9213
8089
383
3644
7043
3268
7481
1406
7608
2351
1217
6561
5113
6828
7427
7520
5692
4549
5130
7048
7881
9709
3226
754
6966
1802
3995
5512
7891
2668
5308
8478
1890
3608
6904
3468
3330
7824
1163
8195
1663
4085
7167
9335
6930
8434
7385
5839
5431
5254
5544
4629
8624
7990
535
6140
1276
2435
6480
8442
5303
1051
5999
7850
1648
9199
3369
3368
6812
5625
598
2961
8879
1794
8120
7127
7995
5166
2962
1104
8588
2036
1531
1436
8966
5784
51
9999
4045
4231
2589
1638
315
2797
6900
1553
7583
1666
209
3009
6421
6916
9101
2991
1793
6502
7838
2195
6657
5663
59
1795
4380
219
3187
6037
6420
7658
5008
4883
2205
6963
4475
1012
5430
678
6336
2399
9140
363
9515
3274
4310
7945
4766
5423
3057
2069
3269
7875
4858
3599
5721
2124
4352
6125
8691
7718
2071
8840
3610
4055
8389
4769
4797
4822
621
8354
8045
6477
2923
495
8927
8207
5903
1591
4248
3344
6942
6559
7559
8149
1972
7575
683
3449
6116
716
5533
7585
7888
6937
4061
8768
2826
6069
3484
7232
6244
4114
3452
8820
7921
8496
6646
4607
3534
2577
4168
9434
5926
3265
9923
5048
4874
9617
303
5810
3768
1871
4923
9054
4977
5262
189
9616
7221
212
9926
98
7490
4381
7693
5591
5339
221
9183
1706
8897
7629
1277
7099
177
7572
5253
2559
357
9467
2459
9889
8568
1978
2989
3791
5710
2957
7138
5737
8650
9372
7525
9614
595
4893
9840
4297
6366
7242
6702
6255
472
7939
6131
9588
4467
6987
7304
8800
4832
6771
562
3713
2019
8380
7196
6547
9844
9346
9130
1483
2008
250
5799
8314
2581
646
6232
7698
2219
1586
6458
2409
6185
3724
3375
5504
949
1161
4508
6001
8143
4294
6095
9010
7549
6402
871
5079
4059
9735
934
4776
4969
4015
6594
2786
3594
6800
1623
514
1025
5146
5720
6022
1127
4934
3126
2709
9077
8296
9600
8391
9158
3402
9043
9848
892
4589
7711
3059
7821
1414
5587
3043
1158
6507
361
6161
3234
8255
4856
9090
1615
8844
9350
732
1159
2390
8644
5731
8047
4271
1748
6541
7126
3929
6272
1700
8224
2056
4076
2722
4946
868
302
4166
1954
4145
2566
5358
8880
2893
3407
8485
6424
359
4318
2107
7416
510
7635
9769
5974
7121
5925
9892
719
4965
62
4417
2540
842
545
1125
3271
8049
5439
6459
3200
1481
5291
4748
1948
475
1409
1444
8847
8769
722
8498
8274
5196
7567
1603
3548
7752
3808
5818
3104
4988
4541
4361
8701
3981
1112
4715
2112
5992
4545
9622
4215
367
2202
3063
3032
9818
4440
9688
9750
8679
1437
1985
3609
4469
6833
1160
1763
870
2780
3525
8336
277
375
1716
2341
333
1222
1545
7087
6086
3188
3252
4994
5953
2025
860
5959
403
6853
1049
4093
5584
6364
937
6109
243
8327
6082
3941
8823
7733
8737
3550
8304
5898
1346
1679
3617
4811
2422
5838
1834
5779
6535
7390
888
5952
5695
3562
5647
7176
5330
8704
979
8479
6065
4827
9672
293
1722
3934
9654
2608
9719
437
5025
1610
7589
6287
3501
4757
7991
2105
9553
3814
6304
6775
5939
6694
3868
6730
5286
6697
6874
4200
5876
5503
5140
471
362
7992
3423
9082
24
1070
6873
3058
6746
6325
3949
4037
2771
4719
4862
8767
2007
9116
5644
849
1909
3143
3894
8350
5701
2803
9180
1216
9109
685
6472
5245
6280
5132
5608
7015
4591
6598
28
4602
9569
3554
8829
6066
2564
7855
8510
785
3769
3123
7706
5096
7797
4439
2358
5773
8720
5114
7083
858
3527
9589
4444
4127
8577
8999
3297
5346
9714
9430
7142
3650
3011
5956
1438
8833
1065
8172
5098
3656
8721
1326
7438
1518
3506
3919
9281
8444
7791
43
2018
3621
1311
450
1170
8406
6259
6337
9529
8115
8656
6358
1540
3603
2928
3993
2885
9139
4371
7702
3977
6533
4914
3106
8643
408
9070
8992
5314
2931
6338
686
4455
7790
9272
7495
8723
1714
3564
7861
9391
8892
7479
2731
2635
7742
6044
5566
8504
6261
1817
3033
7781
2343
9628
6864
8711
5666
5334
3472
1752
4143
9658
9817
806
9821
6970
6088
8330
6838
6522
8154
5794
2580
6457
7877
1941
6885
5435
3110
9521
1334
7751
6957
6166
9967
2536
8039
6862
6913
2375
909
9901
1934
2651
5205
3379
441
1965
386
3324
1239
8021
601
3173
1945
1440
4376
8685
3215
3045
4070
3023
532
8595
6387
8385
8007
749
2783
6112
461
8232
7885
1538
8239
2821
7886
1876
3334
3802
9823
5690
3201
5887
7172
2349
6305
2175
2875
3582
483
9204
1517
4358
8001
8494
1397
5967
5142
4800
5400
4243
3103
2209
8620
3290
4954
3646
213
2492
9983
6264
3784
3695
7173
1674
3125
2935
464
7746
1926
4075
6054
7314
6642
4027
6020
7901
5841
4112
2400
4935
8654
4154
1961
99
3816
6513
9084
1402
5449
6724
2879
1362
4167
1536
5823
4277
1790
2688
1285
6615
662
3794
3876
6686
14
8983
4698
7601
6450
9948
5316
3141
5561
7594
2984
3530
130
6574
1116
591
4025
6583
2085
872
3722
1463
5447
5510
4653
8031
3447
9351
8754
2057
9176
6579
6105
3370
256
7684
2964
6866
5148
6163
8544
4083
1370
137
1028
8206
9307
7761
7739
5347
2629
2416
8830
6906
8538
2028
1147
3325
3943
4936
4927
9327
742
9463
117
4409
3573
7329
9440
5645
7958
8022
5239
6763
2751
5193
6575
8887
7451
3741
6249
7811
5791
2773
9420
9495
522
2917
1293
1177
8431
4213
7822
4206
9586
3229
5572
6193
9112
9610
5813
6779
2465
2271
7626
6965
2881
2530
5979
3883
2757
426
5708
8677
17
1224
699
2173
8294
5788
4214
5718
7160
9474
4897
2398
5961
5890
3896
8585
1812
4654
7937
9393
5250
4688
4164
2667
9237
5461
7002
4433
4679
5131
8230
2864
5128
6241
3153
4837
811
5383
9347
5727
1142
9659
6571
1654
689
2010
3669
1392
12
4069
9990
5076
4758
4933
1105
2371
1798
3432
506
7397
4345
5815
2328
5173
7095
9053
1303
3719
4892
1313
4788
2863
6386
2815
8916
9763
4783
6566
8744
8164
9915
9212
720
266
1471
129
3845
2799
9606
5973
3227
2346
3864
1527
4798
1120
2032
3124
7268
1792
4644
3649
927
1624
9259
8710
5338
6581
6530
603
831
8328
7071
4436
1806
1816
954
2004
5299
5742
6632
9909
4473
6096
2303
2051
6773
9410
702
2508
710
4600
714
9022
8564
314
110
9646
4289
616
4831
1528
9838
1280
3586
2420
3335
6519
5679
6785
6028
5216
2726
3778
9932
4891
8092
3645
2650
5089
1259
2040
4391
1092
2150
7933
2789
7725
9666
5891
2715
644
1484
4347
3614
6355
1511
7582
1815
6790
5654
975
752
1435
2005
9067
1555
175
263
7053
2918
4428
82
7948
5087
6909
4348
3322
2599
9378
5557
4642
4967
4488
2158
5292
7055
1378
2121
2472
7916
866
4210
7605
1866
1135
183
5069
9145
4819
875
6933
3480
4754
1537
9266
3311
7115
3637
3531
582
1195
4386
6397
7968
9456
1981
6585
7146
9968
5294
8490
6164
9566
3572
8883
8601
3338
9895
8762
8425
112
9123
2746
8106
2554
2208
9028
8495
5018
9279
2794
4667
3254
5085
971
747
3331
4659
8185
2206
1398
9896
7222
4235
8205
4802
2727
2743
7165
4763
1027
1732
1469
6122
8472
3869
3716
5059
63
8144
1184
2393
4834
4551
4848
211
195
5936
9624
8286
4139
1036
1001
4619
2493
8918
9683
1422
2637
853
6843
9223
8077
2286
2189
9160
779
3364
3140
1785
7013
4442
6340
2266
5121
8729
9072
2267
8765
2884
6075
1096
2475
2064
5258
4240
5904
993
2611
3292
4491
9011
1810
8786
5047
577
666
5264
3441
8456
2680
4764
3171
6040
9094
6019
7260
9561
2104
5676
6907
5683
5401
9684
9547
5014
5930
7530
2381
9530
5629
9170
9460
3593
9370
7012
9364
328
8524
9196
7111
9718
8849
4317
7414
9570
5323
2383
3939
8497
9206
6434
8597
6475
1247
3850
8006
8357
1696
6796
5149
8142
3505
7634
8192
6482
4981
5479
7610
7561
4110
8112
5674
1360
7159
4768
7654
2604
7613
9247
2489
5509
3135
3694
5571
9935
7101
1842
2988
9742
5038
609
2133
5670
2440
3151
3049
2142
1734
6435
630
4097
75
9306
3055
690
3403
6577
8642
6956
1940
8012
1894
3552
3323
9834
3347
5985
3700
4813
6087
7681
167
7762
9478
3903
1330
1728
478
6539
563
1050
8359
6882
3537
7938
79
8438
4796
7392
6156
2519
7518
2647
622
5041
4050
2795
9257
8584
4511
3555
688
6789
5657
435
1110
9755
8071
8931
7879
9841
7804
6591
7028
2975
4003
5902
6973
8942
5340
4953
1930
2023
3937
5005
3632
873
1551
6846
5034
1770
8808
3528
7954
7328
7005
7223
8772
5031
3006
9638
6955
6483
6732
9128
497
5682
6104
5548
5451
8064
4777
4057
2659
8029
7404
9596
675
6871
568
553
5044
5970
1643
4276
7870
1896
4189
7267
6129
1917
6089
7011
1548
2088
1861
828
3640
9417
6345
1863
9804
4460
5944
3186
5499
6738
13
1955
1031
5265
2322
4224
3642
6993
3809
509
9482
305
6225
6792
7849
7389
3619
9008
8177
3782
439
9917
5894
6101
48
1243
8700
5706
1386
5143
2973
6162
6277
9288
6145
1131
8600
5916
4588
2764
8594
5392
2002
8017
6036
8028
4759
6772
1192
4123
5429
3156
2622
3024
4412
343
7452
5853
1219
9103
4532
4577
1919
4314
778
6638
6301
6988
9330
8993
3543
6443
2235
7078
1846
8163
6613
8774
5403
4422
2201
1364
3373
3018
1148
4564
1257
8209
2900
6224
7772
3319
3726
8625
964
6389
7218
8060
6590
3142
9240
2368
6804
4833
7786
7065
3670
330
2898
164
6233
387
8834
698
3465
3080
1562
5897
2313
380
8226
8453
4281
3473
7731
4820
228
3163
8331
653
6538
2537
1363
1609
6820
5043
4383
2029
2118
7721
3318
4400
5866
58
7016
894
3212
4626
4517
6353
1336
6334
3732
1843
2774
3309
1753
6351
819
6786
7338
2317
7734
9172
8036
3053
3396
409
3849
6394
8011
2963
8126
3376
7814
651
7780
9639
3926
8201
4298
8979
8225
1803
2844
9796
3507
9340
2186
9078
9322
8889
7796
9015
7591
4972
4812
307
7233
5636
5105
2846
6175
1151
4816
8266
9336
8035
6074
8051
6274
4048
3084
2446
4961
9068
1997
5356
6063
878
5420
3829
1237
8810
3435
7278
4264
8426
6282
1640
5975
8397
5945
7650
9002
6158
8921
640
692
944
2670
199
9019
9481
5502
9978
4051
2269
534
9746
7489
758
9325
4668
4477
3907
9221
649
9997
8824
4542
9873
7826
1579
695
4416
4011
5746
7054
70
1852
1478
32
4888
3740
8312
3005
2136
7639
5535
561
329
521
2332
7969
9728
645
2784
1916
3706
1607
1076
6978
7066
2686
6774
2362
6173
1874
2122
6807
9407
9792
6747
3016
1975
7412
1651
9881
2333
3509
3352
8148
4714
2321
5603
6902
2997
1295
2231
5230
3918
5204
9225
5261
2666
5332
6189
3343
5540
4350
5857
6035
7116
9427
7137
1980
4199
7320
8777
65
5802
738
6928
8399
8796
7758
8799
4330
9966
3405
3885
5863
4269
986
3955
4818
3041
351
9242
9059
1892
7318
838
2367
3569
2734
8812
4122
3182
3346
8339
1575
829
789
9465
1367
5184
6447
4016
2565
3965
2696
1114
1098
663
2061
1055
7419
7169
9567
280
5402
8063
1859
7230
9613
8313
861
1713
5108
1039
9571
7010
4054
7149
7031
6520
5206
9413
5758
7305
576
4622
2190
1488
1777
4630
3600
5680
9647
2430
1705
5290
5740
3285
7880
394
1455
2134
226
8005
8843
2169
2585
4204
7340
8052
6378
7337
1000
7999
1903
2218
2694
9444
5361
9751
5763
2790
7074
723
5109
8944
9907
8587
5786
6793
3477
2217
4878
3508
4261
985
3235
4333
9142
1864
4117
5911
1418
2584
5463
8323
8960
5867
762
9738
1459
3326
5621
479
92
3970
4596
7929
3413
8025
7440
7459
1776
4755
520
8770
3748
3105
4570
3841
2839
6979
8743
7647
1523
204
740
3008
2800
1819
3813
8780
8803
4263
2058
1901
1661
7354
3160
6284
4384
8974
9168
3682
5745
6855
1652
5765
5862
6521
6662
5722
6252
76
5829
4852
8948
9287
3499
4130
9903
7864
159
7447
3524
4540
6354
2391
6050
5602
3677
3398
9461
1658
8263
851
3570
7506
210
1902
3721
9890
4693
8108
7194
7909
5315
5696
8373
4456
2068
8457
1400
8943
7086
4234
4739
7332
8590
2959
419
8860
9164
4499
7776
8896
7179
5065
9930
2792
5913
4861
467
9721
7570
6108
3598
1726
7517
2967
6220
4603
1718
5798
2055
292
5807
1143
4225
8200
6332
102
1173
9152
2294
6446
6405
9278
4131
891
7082
4676
3134
6655
8784
2827
7993
6317
7448
6757
824
3702
111
8637
8486
5774
8826
9069
3203
623
540
4209
5826
2744
1987
4699
3298
9520
5993
8098
4198
8521
9828
6093
8875
1585
3040
2093
2276
7732
734
2942
9550
8881
5748
5966
4103
2980
8984
5070
4902
661
7793
6473
3231
641
9477
2811
8717
1872
4324
6627
1188
4558
1764
7235
8562
5882
5163
8978
8792
3354
9343
9064
2296
4022
3037
1301
5753
8234
9302
2763
3020
1189
1566
8905
727
3976
6262
1264
910
2488
2870
7081
9554
5189
2432
6374
5199
6369
5289
9041
1091
6460
7370
6784
2101
5260
7810
5208
7759
9546
3138
194
2467
8302
7093
1692
6451
5726
997
7492
7297
5776
6013
3444
105
6679
7902
3433
9911
1057
7128
6011
5486
3385
3183
9308
6476
3752
6752
7926
8622
8683
8341
9459
9660
6736
766
6743
1412
5421
2252
3446
7
8058
8247
4148
5344
6027
9929
1473
2387
128
1738
9232
8249
1087
4062
9878
2640
2674
877
6348
617
8695
4840
1018
9810
846
3047
252
6271
41
107
5033
2436
2735
4418
7989
1669
2078
1604
7819
2658
3426
220
4598
8269
863
83
9315
5093
8441
3351
550
4299
3954
482
4791
4233
5933
9401
5003
9694
5833
1893
1907
6240
5259
3905
2091
4989
6940
7147
6363
22
1519
2463
2679
4547
4291
5849
8858
2366
7302
518
5755
9598
1271
7205
3923
1137
5408
6281
4259
9656
3591
5729
496
1556
7712
6111
4084
6543
1467
2816
1879
2725
8789
9117
5757
7691
116
1671
800
2264
1182
9790
8788
4779
1253
4550
3157
9525
7290
2906
1061
6688
2921
4625
7457
8953
4203
1152
8101
8658
9756
9820
3184
5804
1297
4579
4222
1201
6890
6102
8655
4498
4864
9492
7114
7420
7450
2100
9261
8713
1515
8805
1506
1814
6422
9908
3810
2448
7483
812
2419
9309
1235
9373
6892
9902
7602
2808
4485
8235
1022
709
5071
6878
9931
8040
7292
5577
4407
7587
9038
4669
6811
5520
6269
5900
8435
531
4186
1462
484
456
8470
1309
4087
4265
9435
977
7045
8722
7841
8532
807
9263
9671
4846
2291
3924
8940
7037
5762
5598
2077
3486
9643
7355
2748
5677
4246
8740
2478
1773
5714
9969
9691
5348
962
3418
9025
8749
4245
2776
4184
769
4013
9802
558
5237
8505
3288
6136
485
2146
4445
4481
3772
5372
104
4686
5955
4650
1835
9076
6608
7713
5980
7156
8688
2348
2238
8104
3916
3848
795
4033
81
7200
6640
6201
6897
2912
1564
6839
973
6849
1242
4295
395
6110
7823
9345
371
7893
5694
2895
7683
4405
8604
1480
6609
4020
3159
4063
2943
3275
3536
3518
4425
7894
1199
3843
7540
5845
994
6078
7925
8755
5775
4980
7550
5665
4585
5855
798
4041
3616
9552
9576
5246
9363
9230
8569
4207
413
2184
3
2767
8447
3519
836
911
821
5466
2113
6567
274
9198
469
187
7542
1854
6669
1164
4886
9039
7671
8827
2454
8554
7380
7120
6322
5869
4873
346
8928
7025
443
2
1493
4807
7724
4586
157
3908
6542
390
5638
6468
3015
6998
4751
2216
1423
9264
8971
2752
3302
1898
7723
3077
897
5342
3634
5699
4762
3107
5994
488
3149
8473
8865
9040
8219
4526
7576
538
4193
4808
2587
1180
770
4576
2832
154
1999
1122
8616
7406
8109
4364
3760
8781
7231
3161
120
5386
6051
2344
9538
2204
3873
3897
4787
8044
3521
6015
5874
9720
9760
2187
8537
8067
2842
8420
8346
6726
9182
4308
5353
6142
4430
6181
7210
5304
9657
6097
5703
3707
8869
4172
3786
2862
4645
4180
9472
902
4692
2037
7622
8771
7408
4018
654
3515
1690
4247
1214
5201
6273
182
8113
9141
7038
8253
8686
3167
5077
5144
2798
6403
9980
6552
4285
7068
2499
9860
2373
9194
6912
556
9619
7075
5713
5631
2869
8102
5816
3743
3168
9397
5285
3800
6365
8153
6357
4725
2065
1314
5442
8990
4844
1516
786
3451
463
6641
1047
1042
9522
3980
6848
956
5322
6499
1598
2163
4601
4614
4911
6923
9451
9088
7252
5650
9594
9621
912
4929
2514
2525
2511
9702
7773
5747
1611
2591
9189
6349
5185
2157
6672
4849
6946
6844
8598
9187
1779
6975
6174
5518
1684
8954
9438
4192
6944
4218
492
7326
797
6191
5854
5965
3978
7383
223
4366
6392
3785
3766
6213
2960
1804
1554
2926
6361
171
4634
3969
9977
2215
6859
8371
8635
5918
1996
4706
1822
1284
7593
6147
1002
7983
3500
5251
9132
8245
493
430
494
9254
3742
4535
9211
4760
4756
5812
1522
4374
3178
2760
217
855
2951
5276
3170
8818
8591
684
6631
4470
6794
2125
2597
9383
3583
4825
6229
1760
8229
896
3185
4396
1905
7905
5489
9013
9234
2779
2909
2733
6388
7959
4195
958
3920
8322
6419
9108
3618
4538
7827
1482
857
5643
3030
5834
3345
4006
8518
4275
718
8797
1145
8969
2550
1020
8123
5917
87
9134
1757
7224
9333
4620
4975
3997
360
4434
466
9024
9640
5864
1117
777
7413
5986
9113
5846
4990
7327
1618
5331
5329
320
3308
1988
8611
5147
4504
2802
1425
5531
2838
5852
2191
8372
4126
1521
1124
3179
7535
2135
9418
2232
6630
2268
6436
5169
8516
8151
1023
5222
9662
3198
7312
5515
321
9536
123
6216
5541
1298
4595
6204
2352
1013
7361
5661
5522
6245
5198
3577
7073
3602
1059
5326
673
1973
68
6962
4713
7245
5783
4597
6398
376
4392
7226
4518
224
6651
7188
9095
5046
7435
8368
6788
4005
3237
4329
6573
3686
6924
5637
7803
8832
1688
2014
8090
6887
4617
992
442
7951
6879
5441
548
8465
2865
9030
5179
2227
8653
4789
1929
56
6008
9799
5115
7782
2287
4780
3155
6780
7716
2263
2859
3750
4094
8141
1064
8363
3581
8081
6463
8250
4302
89
652
8861
3211
4906
8258
6806
3169
3870
1881
2738
3180
5354
1095
2501
421
2612
6582
983
5067
7264
9899
2853
9885
201
3911
2126
7227
8551
1331
3592
2449
8864
7641
1995
2148
2998
2831
5553
4268
6922
865
5021
5275
5458
3295
9602
5698
665
4201
8527
9143
1486
2200
7296
573
8681
9509
9
5640
8043
397
3028
316
4357
6382
5837
9071
7628
9501
7982
6303
3061
7371
8967
1664
8459
5004
5151
8301
9829
7873
1371
5242
7336
1721
9816
1596
3653
5573
3261
7590
7467
1415
2181
6725
5928
5749
8217
1337
8121
7342
8515
2177
6009
7063
6711
8487
1570
1266
8128
6439
1374
4510
4332
4009
6951
9031
7270
2747
8645
5789
4655
8111
1310
2094
4950
7155
9677
7076
9559
1998
8570
8033
879
3817
7203
2547
4618
6683
4406
7516
2256
2145
5156
7480
64
7720
7248
7571
2193
4421
7835
3240
415
1300
7423
4661
4042
5711
1560
8724
1621
9710
7198
6618
512
8252
2389
9574
4563
9730
7867
7764
4464
5764
1653
961
2289
2770
6815
5197
5668
7004
7324
7229
5560
9626
4060
1080
580
8023
2947
5267
5797
5508
4254
6568
248
8221
2723
4782
7660
4441
7294
8095
8985
1870
9541
4557
4704
3194
7386
2006
9847
2070
735
3060
4480
7319
5724
1328
9220
4098
8692
1784
5651
7152
4663
5297
6291
7932
8745
2159
192
6416
4250
6062
8136
9557
9326
1072
8335
942
5444
294
490
6691
7624
3224
5570
5475
9947
5688
5490
2072
4458
5052
7657
3172
2147
7531
166
5889
378
3522
7709
6120
5552
6186
4322
6004
4738
6124
7676
1868
7282
930
4611
259
6497
1593
4414
3604
8070
431
8326
768
7254
9402
3213
5032
9692
8627
6012
4074
8194
963
7299
2639
2444
8165
7195
1634
8176
6821
9416
3574
4065
5861
7001
9652
5626
4309
3823
5634
9927
701
7204
143
9507
4377
8668
8528
5478
3488
4784
566
9771
3662
1320
470
9034
7640
4792
405
2532
3109
9131
3321
9436
2618
6219
193
8785
1768
206
5385
2702
2562
1457
5141
6593
3799
9845
808
338
3498
6824
7813
398
7882
2631
2477
2441
9855
3034
7979
8403
4949
1037
1024
7098
9856
8191
1099
8651
1010
268
8146
325
4030
2517
5411
2934
8923
5491
9298
1920
9253
8053
2535
2546
1233
2225
7690
215
5880
7396
9939
3701
2272
8680
4385
7334
6138
7181
5028
172
7896
7464
9857
8917
1006
8936
2527
4133
5554
188
7393
5165
9241
925
1377
9087
9118
7491
1452
2160
153
4365
7238
1179
8376
1043
23
1048
8360
9283
6851
9809
5180
8599
1524
3350
7283
3880
5941
5827
5895
7323
2644
2933
589
4869
6053
3852
8481
4610
8272
8988
8961
1559
1433
2995
1786
4465
7379
2496
8885
3912
1106
6814
8715
2277
5274
4194
5524
8670
7417
8030
1150
1984
4344
1149
6333
3280
1458
4947
368
7123
981
6126
3279
1931
8298
8116
9262
8303
4606
5843
7986
1900
728
2526
8882
9981
179
9487
4183
3243
8646
1533
8466
8381
113
6524
1431
3497
1495
8718
18
4999
7399
4900
3305
9026
945
2949
77
4401
3221
4452
6212
8638
9098
825
4138
8952
4017
3553
7955
4459
9680
3718
5820
677
8334
8912
1848
4339
4962
2480
2485
7109
6453
3222
6739
2981
1986
3278
7970
7651
7799
3796
7030
8321
1052
4141
1735
2681
3517
5501
2605
2154
5
3216
1780
9023
9572
4292
230
1530
9543
5278
5946
374
6759
7862
109
3467
748
4483
3075
8173
8061
4841
1755
2873
8103
9577
2572
8649
4303
3952
1121
4948
4624
6350
1449
3129
8324
852
5766
3328
9200
447
3205
3538
3121
2081
615
8956
638
8719
5633
4176
955
3284
5232
3399
7783
6699
4410
8884
8935
6985
6067
5579
5187
4088
9081
7748
3490
9989
1503
4581
2538
7486
6967
5886
4839
5218
2211
9415
901
9454
1348
1420
3363
7191
7777
7375
1689
1510
1015
1703
3651
1254
3863
4638
3260
4976
1507
2706
7080
7437
2283
6704
4047
6795
9986
7846
6157
9785
694
2443
3688
537
3263
1033
8747
530
9354
6729
9310
7538
5547
2149
1472
1697
2353
9124
7860
5998
5619
429
6393
2074
7263
7454
1426
9894
9749
2401
706
3492
6203
95
2097
6187
3893
6778
7552
4964
3097
283
8062
6756
6614
2868
5026
9578
5378
7285
3144
5931
2427
6935
2279
6899
936
4012
8746
2316
5107
6071
708
6064
628
2750
1026
7144
5558
9091
8196
9486
6121
4865
9762
3917
2755
2728
2039
4101
4889
3535
5228
1248
9535
3945
1078
9065
138
4296
7042
5110
2345
6070
31
890
253
7092
3206
6408
3728
5164
8514
8156
6010
8890
1372
3739
4419
990
5681
7812
3299
7256
7271
1983
1675
8699
9252
2693
8639
3663
1850
834
3036
864
9133
7356
6649
6825
3128
9464
3806
323
6432
6307
1084
7956
3246
2522
7928
8032
6768
3174
8333
5582
2843
5521
9475
8859
2615
7890
3001
2196
5126
9699
3207
7482
1563
6025
9798
6932
3356
9282
2913
9564
4559
1413
4910
2940
6319
4649
3745
7006
6488
3815
5754
4411
9993
2462
9437
69
4305
889
4311
5924
4727
4346
9704
9630
674
4717
4394
3293
8181
8319
7545
9712
6236
9861
8284
5991
6202
6709
6300
2920
2471
5943
9453
6113
8973
1090
9634
4548
4836
3984
2295
5927
6209
8400
7719
2417
6099
2212
146
7376
174
155
6302
4249
4593
5084
391
3012
8657
8127
3504
9331
6818
5628
820
9047
4520
7044
3777
3774
8915
8046
3286
7106
3165
5158
926
6787
2505
7064
5397
3388
3655
1077
3367
5181
1845
4501
1614
2152
4879
4574
6414
5612
913
9471
791
5881
9865
2418
1602
318
6619
7705
2775
6528
629
6137
6306
7185
8605
8345
6411
3861
9202
2534
9332
3795
9872
4951
9305
2128
1487
7852
8540
9155
4882
2835
8462
9944
4835
1967
5266
5236
3928
6954
6868
244
784
693
2132
9249
6604
7533
1968
8291
8384
3101
8083
7058
7405
3081
1339
8950
3971
1964
9175
8183
4493
2883
4815
2474
4014
454
4580
8352
7228
9568
8689
8279
2120
8621
1807
4767
9177
4823
8137
4451
4665
2987
5207
2438
5027
3460
4909
4957
1056
7431
3042
384
3639
7284
1568
7180
5280
9943
3673
7133
2167
8133
6740
4745
6816
1267
2185
5058
8976
7358
9512
4870
1991
6417
4161
5295
8325
2620
3915
6684
680
6198
4435
1274
707
7051
1249
7426
4743
1622
8502
8872
3176
2258
2974
8523
5200
6718
5671
787
1636
7122
4217
7360
5319
8084
8261
4091
6400
3761
1990
1421
9545
5620
5814
9159
1215
3082
6745
8353
4119
7816
3086
6996
3779
7784
2143
1479
5932
579
7768
3236
9649
4726
9593
8393
6384
7313
2445
1485
178
6602
3925
3010
2558
4238
4641
4960
3514
2782
4021
1535
4338
5243
5416
1465
9214
904
3729
6525
6006
7050
7551
9045
7598
2699
291
6834
2285
939
3930
9776
6597
2574
6540
2370
6584
3355
7787
8503
3327
5369
5877
4904
6920
7145
2324
9449
3986
2614
4993
3922
1672
2512
9209
7104
3942
9575
1502
5341
3481
507
2905
5728
1136
8305
9050
6673
1241
5832
2203
453
2476
9398
817
1936
1244
1227
1394
2896
4926
7988
4533
672
3950
4572
5300
7349
3067
6865
5391
5949
122
1356
3039
8204
3597
9960
8450
6033
6545
2655
6253
6505
3758
5596
5542
1045
6870
9812
5618
6883
1921
9014
2545
5617
3771
587
3412
9005
6905
6347
1109
8242
7049
5528
1895
1038
5750
8574
552
5162
5229
1361
7186
6
8757
9366
1708
5983
7041
9256
7241
6060
9382
7398
6248
2999
9311
1181
1250
7595
4197
1789
6665
239
3749
9502
9950
422
1194
9800
9544
4648
3431
3076
2952
8578
1009
2182
3831
3512
7158
6742
3906
8424
525
1720
555
3951
1404
729
1642
7568
4567
9218
2623
3391
2916
7962
114
8268
1884
1966
5062
5178
8048
7623
8186
6692
9938
7830
1862
6223
4943
5224
1665
1950
9745
9173
3066
1429
5590
9062
8436
4894
6823
4512
5376
4765
7636
8995
3710
8512
3232
3510
3658
8114
7192
6043
7027
3540
7680
2017
8138
9739
5990
3904
2609
8552
7662
8038
660
1625
2356
1887
6407
309
8198
2484
536
7362
9867
2382
9179
9323
8907
7808
2825
774
8614
3359
4829
5219
3219
5050
392
4029
5937
917
2099
7466
7485
2011
2944
6706
5384
1678
1725
3691
5611
1198
775
9780
6687
7250
4343
3130
7688
1508
2452
5382
5091
6663
8433
3090
6803
8347
7077
6180
590
4670
4584
6412
5097
4842
5083
2380
8606
8344
9405
2945
6017
9937
4457
1856
5806
9757
7588
6625
1263
3378
5840
3715
4431
8405
9853
3233
7388
8370
267
1942
6943
381
6969
7428
1381
1731
8817
6141
9759
9419
1111
8937
5118
3879
3099
6728
736
1315
4408
2262
1844
29
4859
869
4701
5982
1171
8150
8986
1813
7377
9009
3494
4534
6850
7474
9458
2250
5595
9271
4313
3659
772
7193
5090
2804
165
327
3992
8237
7876
3892
61
6514
236
4242
257
3558
7653
6753
180
4178
1410
8851
5153
5195
7528
9766
2331
8282
1317
6938
4463
9390
6685
2953
5104
6426
5607
1656
5467
1323
5896
999
9920
1647
3938
8615
7976
3878
6401
6588
6727
1691
5366
7255
3068
8316
6977
5821
6671
269
7330
7840
6526
7717
1534
8329
9940
5529
4970
4077
8693
2001
9352
3282
5673
8289
3474
604
272
2594
7874
275
9384
5377
2971
9485
6153
5660
9859
5419
4438
6295
4675
8489
5809
8541
8317
7008
1447
9826
8938
1088
148
2970
1831
9924
1187
7024
5137
5350
6326
8050
2361
755
929
9395
1774
9110
7214
8037
8079
1745
2705
7487
9280
8099
1102
5997
9717
1208
3154
9317
308
1833
7866
7707
6179
4884
1345
7234
3476
4685
5231
658
9286
2355
804
5656
60
2164
4513
7311
9891
5981
9127
7699
4367
998
2673
5684
7836
5405
9055
5395
5811
5145
946
8712
1729
7322
4150
8982
366
5734
2119
5923
3567
1837
3638
6289
5129
3711
7631
3615
991
5672
2820
7394
6914
4682
8452
4026
8383
5443
8365
1359
899
9191
1924
9627
7754
523
9670
2977
9642
4530
222
4696
1319
3218
7496
4369
8145
474
3428
8842
2408
8283
7446
8779
8488
4810
5081
7056
3972
6677
7021
2573
1068
5388
2698
1251
39
3448
2716
9882
7694
6046
8343
3914
3255
2828
9713
8300
2490
2034
8922
3175
19
2899
8097
7735
7851
3122
5450
2878
7449
2753
1470
893
5498
5655
7560
7696
3936
6276
7026
4781
393
2858
6974
597
6286
8845
1855
920
1509
3818
9122
7157
3349
7887
2403
134
2617
2742
3304
1107
1908
290
3100
3152
3827
3833
9957
6509
2759
2515
5907
5030
7140
5859
3882
4565
9313
2456
5360
9597
9962
6278
2569
6182
8167
8804
3264
2314
3262
2578
1542
9673
4681
1176
3764
5424
6980
1730
8132
7652
6983
8610
7348
6309
2822
7917
6094
6242
5919
3210
9324
4881
9592
9320
1291
4554
7853
6964
7117
3383
9466
349
1838
7524
2682
9516
1646
4736
2237
3381
3181
1885
2491
6268
6758
6667
9752
5428
6586
8997
2648
2397
3667
8364
805
8117
7265
3991
4270
8375
8955
5017
7745
6755
1416
8660
8871
9479
4474
3910
2354
1229
9085
4744
9236
97
2507
3414
7493
9772
4362
9033
2845
8603
7401
9700
3549
8088
4652
7378
9637
5756
4320
6817
2955
4932
2076
5183
5317
7805
1273
5627
5796
5371
4257
1202
7478
7912
844
5325
2560
5203
1818
4316
7220
16
2230
5768
4566
9329
3417
4734
9248
8589
3013
8093
1695
4657
4544
2340
3277
9764
4280
8736
4984
6465
3493
4521
7946
235
158
6005
767
3083
3838
1681
9105
2292
2254
