11609
4937
12771
11112
9948
16799
3708
6246
2027
5333
8302
5647
19313
4215
15893
6623
9783
4152
19722
15788
344
1379
9749
16886
19273
6917
1756
11409
3564
18262
2751
17474
1448
10751
6731
15233
11876
9047
12565
16928
11417
8139
13703
12258
15864
6548
6230
49
2844
1959
597
15583
10559
339
19823
9193
5195
3241
6437
1377
12857
8836
16253
12835
19959
4093
10072
17294
16510
8955
5741
17695
9878
19454
4351
1785
18910
2386
18227
7060
7042
10870
7823
6285
6838
16583
15657
3868
7760
11826
3649
13959
14916
12911
5828
114
12948
10
14399
17047
19088
6556
7530
10283
8021
6082
14897
2019
3175
16227
10659
14468
17529
13879
3512
13757
12922
10926
13351
18629
11662
10181
321
2536
1103
12652
9708
479
7977
16256
16516
9891
8584
6990
13147
11244
3610
6407
10060
18302
1853
2789
10266
7587
15807
15102
4346
2843
12866
7265
3994
9309
11699
3688
15580
11529
1284
4027
9811
5452
5314
19943
12467
3143
15703
19984
7196
1416
4473
3582
16496
15532
9907
5206
19267
3608
10639
6092
5422
13931
9873
15267
15396
5133
10390
3059
16793
13840
7980
13849
12119
8053
8093
8480
3559
17776
3441
6314
4798
3076
11636
17516
16635
4802
4747
8789
9370
5786
15124
18949
17493
7682
13099
17565
3217
14649
9067
8486
18814
5177
19104
663
14617
11583
6490
14724
1395
5850
6187
7107
7295
9728
13702
1261
9938
10508
17228
3085
11163
6832
10373
13597
3597
2432
6547
12102
19980
6610
1487
3235
3533
6284
17285
10134
2730
17988
8595
4455
16161
6992
12852
17655
10095
10296
14130
8947
9283
17215
9365
7001
15729
14514
15026
3310
13733
8070
4330
12551
17119
13202
1680
11293
653
17371
18463
745
6845
9222
19240
11326
17599
17253
2039
10633
882
2930
3297
19314
5814
13407
14647
10796
13150
12695
5609
10720
8354
18122
18660
14466
12442
3087
982
13846
16194
263
6494
3098
9391
13992
15607
625
8899
8345
6911
19170
7115
2374
12563
16959
10687
1105
11018
2970
18133
7599
463
4922
8132
6522
18284
10947
9729
7371
12111
9584
3267
5705
10542
16167
1344
433
11298
568
4681
17714
10448
8790
10493
13741
11716
17318
17962
13477
14917
3712
10067
17982
2649
16069
1672
220
10173
7610
17936
6131
3782
16832
17131
10591
16213
17758
14837
4531
13318
316
11575
18314
9096
1214
3710
6076
11942
104
10713
17178
3811
14526
363
4191
13077
12633
10780
11009
15377
4069
7718
8470
2577
9764
5444
12475
15780
16918
12352
10841
7997
17892
3626
16051
12013
9677
437
18553
1484
12715
11925
16050
2834
1369
8462
15736
17751
7416
3873
17478
15213
12065
6616
13221
11586
5213
11289
13919
4765
2779
16217
12683
1338
17153
371
1367
18304
1208
264
3099
16327
4496
12552
12426
398
18053
19986
19059
12613
14684
5038
1536
15569
13842
18142
18764
8383
595
18580
16446
16349
6481
8644
19992
2670
8791
14754
6550
6982
11959
2253
18074
19220
19550
14220
15003
3107
10867
1610
15121
9321
11520
1652
11418
3831
5573
16462
16657
1705
11105
7038
5275
18898
9951
6364
7867
6595
2142
10212
14310
1720
2344
13511
10416
11751
13448
13354
11080
12777
294
2174
909
8437
6953
17883
15100
15671
6484
2207
10929
4840
18827
9830
9980
12856
2881
18003
6504
13851
2499
6058
8799
18195
7555
5064
13695
10952
17174
15472
17650
12091
16288
10230
9634
16311
11333
3027
1055
8949
18310
6656
10927
671
3511
12092
17225
6688
19846
18763
14598
5392
7406
3805
11170
10630
14455
15197
17269
8025
13072
5369
16806
10432
12408
16600
18693
3736
15227
1102
1695
9769
7863
17470
7613
6661
18599
12820
13233
14532
18139
11752
8170
12526
2828
12965
4782
13303
18490
10554
11349
1436
19231
10894
2741
6974
740
8517
19117
9619
14842
19357
9342
7256
19258
3149
9820
13109
13884
19539
203
4897
2729
5532
14798
8593
1975
14750
4458
12353
2951
13333
18825
14186
9464
1172
5608
15312
1492
15497
14059
6263
1082
15861
18473
17037
16386
139
2358
4373
13645
9912
4929
5968
744
10948
15108
2087
12169
12949
8827
13115
8506
19723
1496
14558
16223
5648
7337
19192
18349
14117
8075
3553
15008
24
6127
41
15085
2195
13326
11107
18607
6535
11094
7186
18110
11209
10018
19872
18414
2914
9593
19309
19373
8690
12331
9554
17898
19585
1243
5203
13991
541
10680
6588
10135
7331
19470
12147
4263
4015
7743
14791
1508
288
6142
13279
3968
4352
7198
18979
18006
9343
19136
12641
5637
5451
2048
10040
17625
1760
17619
3230
7019
3550
8513
9422
10715
12291
19869
15882
8227
8964
5502
8641
9446
14086
8315
704
15603
19272
11222
965
19692
17254
3302
17332
3629
15887
3145
19265
9845
11429
11390
6299
2099
17104
11208
8290
17199
19538
3074
7904
17020
1342
19909
13705
1734
9093
1605
2995
3044
14512
18781
17084
2608
9755
15370
17683
1170
13683
2893
8648
11091
16090
4948
16435
769
19421
1985
18050
8792
17887
18300
18216
13368
3648
11486
10874
10988
11460
5555
3997
8857
3886
11064
10271
7057
3269
17524
3615
15315
2193
11862
2973
18350
6667
16920
19809
1254
1138
4032
4856
4827
18782
6324
3111
4414
18819
19588
10335
9198
3179
5358
2215
2618
12223
5128
3878
15010
209
2706
11668
12849
7355
6632
9364
13903
7907
18867
19549
17641
8936
9656
7203
13087
4815
11544
1350
11997
3606
3009
17511
5887
10263
543
14464
12491
3146
18709
5980
5861
14631
16533
9944
5639
9157
3857
2383
11730
15144
15174
12095
12266
8084
4246
4366
19052
14291
11400
4091
12744
13514
19537
17236
6837
19208
5345
19716
10558
18052
16630
3469
4436
4161
3025
19091
6023
12363
4607
3340
4047
17877
2744
7697
18146
17799
706
11313
1976
17573
3670
11494
9531
4275
6413
17504
836
4035
6389
7161
19851
12036
11159
10692
16968
13299
14614
5950
17827
4581
12705
915
7932
14405
9521
18710
8855
10476
13950
13782
14090
14595
731
19956
8597
12781
16544
17694
5912
19199
17822
3362
5397
15739
15207
13774
133
5703
13172
9825
736
1236
16088
13538
5058
8730
10961
10665
17398
2721
3583
8303
19507
2740
6727
15778
3594
18881
16299
9325
15305
14531
4298
2495
8350
18493
5070
3020
5843
2393
13130
9261
18069
13944
6530
14009
16734
8686
8478
19665
493
7180
16368
3184
4863
3896
4643
16308
4746
16659
14874
17522
16457
7529
12204
2369
12014
5729
16939
18508
13684
11648
11199
16059
1087
3137
365
13243
12329
4565
11392
19786
15775
3806
14056
16909
8810
11353
5718
1332
18225
11270
13116
5994
17983
3636
12721
9150
10241
19695
18695
1929
13190
858
18233
8660
4147
11708
5270
14812
17787
4736
10236
15825
9114
7994
11180
8092
3298
19773
6972
12510
1493
18932
13204
8187
5462
7884
2575
17879
5777
9872
491
9341
8369
6365
2631
12445
5063
6813
18560
19861
5747
10034
18922
1556
14964
17995
8432
19002
8691
19106
7489
3386
9520
51
9756
17352
7366
15526
19907
4349
4209
10679
2121
18698
15262
19120
9335
18144
16550
2785
18491
1078
18282
14539
1167
17552
8306
5427
1112
17984
3082
11964
7192
5856
18670
14402
18878
12322
7766
8313
18326
12098
11794
14046
6774
9338
15342
3388
1402
16188
6977
15549
2046
3732
1686
309
12547
5303
18998
14099
3977
10326
1977
4078
15128
4400
4559
11625
19158
18657
6366
14167
19266
10429
9340
9469
16302
10798
5969
19825
11906
10334
2311
10294
127
15802
10771
6690
18147
1383
12872
8880
12332
17423
16267
9780
12211
18531
19441
7594
15348
13465
17585
12973
5495
3586
13664
15868
1531
7851
9885
19438
3208
17775
6271
11475
9459
5102
18382
2397
13716
15366
7561
13681
13898
13501
13094
6448
8379
2992
16057
2878
10012
4009
9351
14109
8180
19462
7352
3654
4171
16649
14049
9339
1804
2401
12978
786
13079
7307
14393
6046
13559
17560
13765
9394
11016
11414
9004
5114
19010
19821
4241
15856
10962
15867
14736
6318
18243
16769
14410
3875
11969
16582
11497
13643
15116
16396
6449
12456
10466
15481
15193
9005
17207
11347
412
10462
1538
18266
19717
15164
9196
12530
7267
7049
14344
5684
5822
12279
2466
15594
10027
5410
10615
4858
6531
15374
17381
2069
5403
18610
16768
17016
874
3894
6097
10111
8866
14914
5880
7913
1571
19121
16406
8011
13960
2720
14803
9383
6239
833
14934
14986
14081
16449
16132
1776
239
19451
15250
3380
17586
7633
16431
1295
7241
19511
14019
5377
1527
9100
5748
12957
6018
6822
5317
11457
13552
857
6408
12841
17475
17078
18185
9698
18287
8617
8591
19653
8176
970
2470
5241
14829
5754
1717
3951
14333
5305
2033
1053
19732
6756
14142
2542
6920
17377
17713
9116
679
6662
5592
4594
1421
7365
7311
16979
8499
11111
14354
3449
3229
18212
2047
16418
17956
10367
6002
1634
12385
15567
19001
14321
4538
15188
12709
3737
8668
17066
3694
18874
8993
12078
7079
4886
13262
10942
1516
15306
1863
15627
6266
16265
14907
7034
1936
13560
10077
3525
958
14343
5147
13533
19575
4448
12146
246
18131
18692
650
19873
4266
6611
13897
9081
3788
17979
11318
9997
8541
2232
4182
19517
3468
1514
2624
9061
8165
5800
6353
7945
9
4794
2382
13432
18931
17643
1451
2287
2840
11245
10486
10977
10300
12632
6772
7486
10270
8950
18197
3183
8883
19899
2464
1329
11136
14433
15352
14345
6621
10418
15981
3839
11506
5322
14134
1736
14572
18439
14187
1642
367
13014
14472
19145
10668
8039
308
11029
9254
6025
8552
12347
8338
16766
392
11432
3040
18845
8249
6312
3363
8698
9569
14366
15747
6776
17234
11331
19137
10377
15388
10438
11914
4752
18775
2169
15107
10676
19944
6339
11521
13760
14582
18205
6870
2194
10970
13380
13254
3781
1028
19381
1349
2757
7395
12889
11253
812
16817
17715
7184
16395
394
3401
8230
1946
7721
3483
13918
17790
5457
17395
13751
4175
16757
16332
10786
774
4835
19150
18671
17612
2668
6527
18238
14830
9510
18909
16789
16705
7806
4329
705
1881
4972
1099
968
9788
9045
1968
12026
208
9969
9470
17091
2224
17489
5535
13183
11283
12485
10434
12935
8452
8320
18126
13286
5249
2422
3870
15619
6419
6840
8635
6657
8642
13856
6842
8833
4101
3338
172
16956
12101
13862
13557
6185
18422
3356
993
16487
11469
6371
12227
5152
17889
3950
8356
222
17127
8234
4122
17390
10156
16287
10981
18587
2524
19054
5291
2742
13948
5670
4492
8916
4991
6598
10274
1056
15877
19249
15458
2336
5678
18094
12770
3687
605
12303
9496
11078
13607
14519
16070
15062
18551
19820
15750
11902
8193
16421
19560
17317
9201
7030
12455
19351
16373
10136
11217
3921
16814
6539
18391
19406
15970
16433
12778
5669
8405
18682
7532
12822
6334
18087
4359
17620
9022
10647
8235
12229
9869
14298
775
8252
16374
8461
237
9059
11473
7204
7960
5245
7693
15991
10357
19286
372
13523
17086
12702
1814
3901
5229
18070
15860
16835
19025
1313
4228
3050
6683
5780
7078
4651
10886
6891
4477
10745
18406
2690
10721
15146
5402
2365
15419
7781
16010
4558
10070
11297
12578
16990
12032
19750
5166
3690
5425
17952
11958
4299
19113
10319
19683
10723
9766
1253
17890
10078
13471
19927
6395
13742
6889
18634
2967
2064
11911
13877
3701
18633
13836
19155
10652
4166
1227
934
12362
12951
8339
3443
13945
17456
9843
7291
4142
15187
19685
19658
15183
17740
19285
302
16613
15958
12452
10200
9771
3982
9092
10896
10505
1000
14442
16192
9967
16924
5863
10588
5190
9407
131
18168
5137
5700
3084
3785
18037
10794
7153
5849
5439
7128
8242
14355
17870
3462
7846
18804
3212
95
14067
15755
15469
10370
8966
1915
3377
6363
6432
10413
10954
229
16352
19036
1840
2556
13526
4689
1459
9915
5739
6089
6976
18530
811
921
8115
905
1391
211
16182
11271
10408
8712
18408
3112
9044
17969
18502
8275
2961
8959
15350
14864
13873
14832
6869
16879
16777
7328
18077
13466
15848
14404
10379
4306
12259
9328
5662
735
2605
954
11976
11594
8446
4245
15598
10590
1961
17670
17558
15818
10868
5106
14270
10907
2161
4145
14704
18746
1691
5350
16466
5376
11267
19046
186
12590
5507
5552
1038
16834
4272
10272
7333
16890
3270
17051
6465
13672
7681
4744
17794
9286
18715
230
4269
16254
15839
14706
10661
15889
19645
11992
5163
1434
12573
10532
4561
4137
14004
17510
9404
7418
16165
2291
7526
827
2043
8948
2214
17855
19359
5882
12295
3740
908
839
1888
1627
4479
18767
14360
14222
1397
81
3584
4130
12914
6196
10891
7601
19291
7050
16359
14397
15808
16168
13639
10158
5644
10684
19083
15768
16345
948
12616
656
11367
16151
5645
6042
9178
546
12068
15629
3914
12361
2944
17771
7916
8195
10577
7401
18187
11265
18615
11127
1225
1132
8374
5167
10316
8912
1987
9330
17784
4847
7475
8927
16786
9663
149
11675
18061
14401
3445
4096
8212
7282
2248
2816
15163
1664
19092
19443
10787
336
11358
885
4407
919
9425
11022
2421
18440
13994
11581
1697
2786
12028
14347
14304
4219
11714
11572
1136
2996
16902
12237
16518
7703
2905
15771
11439
13236
1274
12239
18085
19023
6250
14935
13409
10233
19176
8140
2371
13833
13558
15323
4841
2869
15608
15172
2297
10784
4158
15519
15765
8736
3430
16694
19840
4609
11630
17413
7819
2364
14932
19217
4350
4625
13865
18068
17819
13313
15231
13682
7906
8572
19430
10252
1363
14728
16687
7500
17437
8560
820
5269
1681
11896
18084
18245
16276
6902
5930
17568
8521
2204
4898
18358
15548
8665
3216
4
13214
906
17006
6543
2151
8311
6410
16123
14158
10973
18618
7233
4812
4751
17905
15433
4506
3257
12
1010
16765
8663
3967
17291
8817
19130
4268
4445
2861
5490
3743
6887
19320
5233
17770
9315
10324
7559
9911
17023
661
10423
5197
5908
14486
10734
19784
8624
16197
3069
16119
8515
9615
11608
6685
17386
16815
7043
16640
8876
10931
11627
19102
1210
16383
649
4753
18966
3971
7733
10902
19190
17700
15871
19857
15713
7073
14680
1598
2266
5353
15944
4528
12634
9871
13306
7818
14739
12287
1700
9235
14008
8167
2630
3601
6442
5237
11687
3451
13528
4212
19387
18066
2449
9943
18678
15258
11447
10049
5423
755
8427
5852
197
18689
11994
10540
29
15698
13452
6108
17671
4796
17547
12635
16233
1767
13984
7974
15248
12734
12355
13232
17182
15442
4510
18901
17229
15390
5568
17139
2901
17996
11854
15256
16914
159
2619
11605
18828
4779
19490
11931
14324
3699
5553
19702
11947
18552
10442
19042
6680
15110
13206
15665
9083
10440
16577
18222
36
15640
2398
12942
16095
12172
11672
12133
17283
10782
1188
4358
5056
2265
346
13671
15963
11255
9072
19659
6199
15558
8783
12779
17274
16652
13687
16925
17343
13977
17357
10446
11246
18031
18134
8294
18626
3106
15552
126
13532
14269
6202
19712
15900
6368
9685
14231
7461
15075
3751
11148
3877
19993
7986
17321
5710
1565
3817
3065
6114
1789
14238
6225
15642
19033
9155
880
7503
4126
19725
15330
14170
16866
13830
9635
5702
4104
1093
8094
16870
12892
3652
11981
4549
17072
5789
8885
13308
16324
4020
14782
8490
1341
11060
4086
14146
17903
5819
17816
16530
5548
6261
3493
12762
15398
3813
10646
16538
2244
10527
5400
1301
18028
15682
11465
7133
12496
18926
8764
2250
8933
9375
13968
10277
3797
4061
2355
14294
13128
6291
2201
722
15891
13227
9691
18590
13311
19423
19787
11493
11007
6739
19622
8556
8269
623
522
9506
5743
6453
2037
9737
1137
6048
3570
14440
9500
16986
15269
11734
13393
12753
12250
751
18190
5017
10488
682
8169
15219
13310
13417
2053
4159
12386
9574
19687
1535
633
18005
9542
6862
14424
16728
19193
9886
14400
19288
2636
9477
3266
14348
2918
16534
3169
4045
16018
12235
1432
2776
3135
4118
766
2956
11802
17012
18010
7564
15168
12200
4367
8801
174
5723
2362
3963
18352
18059
19532
4409
2886
6222
15704
17205
11292
9578
9202
10974
16525
3
5264
5118
15418
6387
14123
35
16576
8553
9181
7917
4769
11634
10024
11228
12299
9146
18158
17000
1012
12774
3178
3800
5910
2644
985
9379
19824
11654
3481
18753
12623
11679
4832
9874
13384
13749
7403
3078
17
6812
6608
1639
3538
4953
1352
12863
14948
15546
19978
10578
7883
583
9558
19593
4562
3406
10299
12354
14163
1096
13215
13839
13174
1213
9828
17208
6217
8159
11002
16843
11883
13604
3126
3628
2563
16447
19472
11817
15618
1559
18969
14229
5030
32
1406
3153
3047
2910
9182
4188
1300
14967
3675
4220
5175
15910
16402
16837
224
128
8428
7514
15150
17606
7689
13685
18379
16075
14548
15310
8196
3981
5821
8603
1765
1766
17058
12051
5201
16039
4432
14028
920
1709
3871
17187
18218
9244
8888
17021
6171
2954
1857
11113
191
2067
10118
9229
3130
19405
15655
8360
7116
8604
18436
7732
12839
8496
425
14254
19971
1163
2859
14275
205
13181
17646
3214
14016
13633
18331
18928
7970
15968
17123
9508
6676
3300
8281
2380
8054
6260
18353
9583
17886
1027
11764
4440
1802
2865
5853
17540
11614
10686
9039
3759
6713
16235
18907
10504
3686
9055
5273
2209
14990
1192
12251
6967
187
14498
18182
17027
19772
5492
16007
670
17097
8769
1016
8726
18713
15257
2815
16058
15921
6671
15334
15783
15908
17471
13669
18751
12130
13779
8878
19835
18893
4325
15967
13149
16729
629
16471
13284
13004
16284
1079
11087
16015
18157
8717
2863
9612
318
8245
9818
1651
6609
8741
13263
7183
4309
3305
10400
18997
7971
19124
5325
19347
10872
7709
19789
10930
19331
3402
18171
4049
3728
16691
697
1364
14585
7312
14861
3706
17101
8352
15635
14627
18450
5671
19108
16467
16572
16688
3881
9987
19686
6886
2774
15048
7914
3501
6434
17198
674
10314
5597
9910
10256
4828
10695
15142
14037
6279
4690
17348
946
16413
756
4470
17028
1470
3619
4338
19062
13663
14068
1509
19037
30
3226
12135
13831
5202
11365
10291
19379
4709
1834
12501
974
8851
18055
6044
18613
9018
4668
3600
18655
10519
11590
5205
424
1519
8209
9389
9567
18957
2939
1947
20
3958
3969
7949
11443
15069
18708
280
6435
7966
9130
12357
19200
2924
16706
8382
4677
1887
2068
15095
10799
2621
6507
3323
6162
3077
9485
7705
19205
3487
18024
9786
9134
9986
10015
17391
10497
9088
15950
8803
4988
10484
2703
3558
19368
7982
11998
19428
12763
18752
1669
13274
10350
4231
5775
13029
2191
7698
13275
3562
11860
9265
18446
3893
3787
6981
3809
15691
11435
19856
2701
1144
1464
12084
12816
15416
14553
5435
3414
12923
12787
14358
10041
4621
2837
9509
18535
19485
461
8882
13220
9934
14089
11799
10054
4239
12174
3423
14044
8786
10995
3658
329
3204
19590
13012
18401
5995
6699
15104
886
7363
2384
14852
7793
19918
2219
39
7446
12619
17408
19388
4597
14407
16663
67
7989
1257
13546
2541
3105
14777
17120
875
3542
17300
13866
7702
4952
17846
14300
940
11019
18248
13151
12104
17089
3450
12723
19886
2927
8522
17114
2921
18571
5939
19051
18790
8886
5236
16086
19505
2955
3407
14285
19915
10702
3284
4291
3556
16988
11321
13837
14210
19191
142
1623
1663
9648
8972
17455
12024
322
10203
11693
987
3458
2104
10865
16407
6709
17069
15167
15180
4698
17999
2503
2627
53
7648
16342
11366
10959
15340
16579
5965
11776
4490
14806
4823
11450
9458
13442
2507
10843
19776
1205
7579
2293
10478
4156
14496
11775
13282
147
14666
2473
111
8861
3412
18342
8685
15225
1526
14510
4164
15821
13861
18161
1270
18234
19565
14701
2641
6784
6275
5209
17359
12159
7619
929
2777
957
6383
2928
16952
16864
4819
16953
19141
10748
10710
17301
12055
17760
7190
15599
13291
13152
9821
913
15467
13142
19578
16850
12637
1543
561
5162
8426
17007
777
11889
7032
15386
19754
17497
669
18940
14481
10117
12596
16204
5486
15938
17852
3786
10043
1033
7925
1157
11157
19182
10768
1110
8724
198
18960
17594
4792
9443
19160
1244
3651
9302
2329
19398
15077
8714
5125
7651
33
808
17416
16767
16830
10619
10123
788
12611
4871
7687
7509
14653
19707
19444
12895
7009
5346
1854
1061
183
8271
1478
7935
18002
8319
5715
458
15706
7051
6186
14846
15735
9403
12577
9745
10470
1818
16938
17266
16781
5464
106
1500
17785
557
2888
3474
18680
119
3390
3902
8090
7294
1943
12247
922
9738
478
5521
13844
17017
17944
13418
11867
8038
2755
10144
12529
3824
12739
12320
12185
8423
1890
15858
5760
1065
18088
17076
2071
1474
19504
17355
14929
6
19880
10887
18409
14747
3354
17025
8371
5836
3490
15545
11880
19977
13100
11845
8897
6722
14824
3794
17581
9990
253
18947
4979
13620
8991
15752
6139
12327
8528
4610
2359
5864
12125
456
3109
13885
14013
15589
13276
13481
4333
8956
16862
16416
13666
2188
4267
16178
2156
6241
5413
2091
10205
16795
12754
15392
13292
18482
12064
9212
18524
9790
8406
18916
2309
14528
13482
18885
9170
12602
14
1447
5257
12118
1725
9686
1321
10410
1207
12592
789
14449
930
9173
13208
3350
9940
15996
15616
1778
10703
4816
16424
19303
10290
19756
12722
3929
5940
12242
8890
17724
11152
14181
9168
17687
10383
1912
19982
6476
14319
181
19154
5582
5145
851
17780
6826
6041
18875
14311
17212
19662
7655
18700
13468
17593
9600
17365
13755
5892
12548
11207
12890
11781
4932
16804
18341
8554
10603
12593
15964
9914
11524
19903
8225
5596
19568
9983
14723
13568
15453
12083
15496
8485
7494
8621
14192
12568
11380
12625
9679
3369
9854
3819
5574
18883
2781
8646
4629
881
12650
6726
1962
17825
17286
6855
410
6962
14871
2139
17548
21
11702
18017
9720
6264
1927
9505
1393
13996
5039
11068
7985
16102
14663
11166
4354
11786
11988
6211
1727
16946
17384
13580
18850
14178
943
1125
6613
18539
16357
935
525
5108
2606
937
9858
15774
5913
3644
12679
2120
19448
11048
3720
9490
4128
12140
2114
8476
4965
11281
17802
16568
14327
2476
9275
11129
10120
7097
14805
14810
12832
7719
2463
18601
1739
17844
18787
5367
7394
17281
1089
1317
7472
6799
7430
12829
5534
5554
7411
10770
13182
6853
6804
13256
1864
4450
4449
7536
3614
14129
2768
16347
3480
15170
8125
5412
10909
18892
11307
14657
11044
12899
17427
2255
2451
6513
16344
19738
16093
15757
13478
12599
19105
18870
5986
13265
2459
1878
2429
9819
6780
17403
19437
8589
1296
13170
12760
19378
3177
12493
18836
17991
12522
1206
14732
4312
10903
3428
10763
19152
7242
13461
14807
11508
15345
10075
333
13342
4692
902
9316
6218
9954
828
9148
4844
3987
11690
11158
15422
4760
15074
1152
1463
14489
11664
3578
382
8762
11873
7889
1443
16219
15327
11178
15925
12492
18578
17002
16317
156
14828
17717
10382
19830
16052
0
15214
19305
18821
3502
1791
12966
10967
2187
2128
9098
5021
2581
562
6764
11951
7563
1668
11076
13269
18771
4564
1723
3277
18348
7496
1505
1181
7443
6932
8511
12286
15749
14150
8451
1829
16367
15998
12897
18470
15339
14212
5440
7386
6064
14434
14817
9084
8670
5505
4865
15869
5543
18724
384
1162
6923
8633
17439
11384
4569
3032
7843
14597
961
12587
2011
5418
6729
8811
14093
10209
7223
16855
16155
951
19394
8780
853
1424
19245
15799
14032
10362
16678
14751
17494
6497
9385
11592
13805
5380
5011
10979
3655
14206
16177
18584
19338
1704
2907
12188
7695
4415
4905
527
11047
4551
3051
19953
12644
11256
8364
18175
5001
16354
826
4399
6861
6536
12668
9856
17503
11822
16131
7643
9040
13563
13
10531
12691
6562
12846
4759
9859
120
19138
12907
14695
3138
10589
992
3702
9320
19864
7672
19802
6461
5606
15127
15754
13003
17256
3250
8114
8322
9992
13709
13634
16244
17509
14409
12764
6654
3745
2123
1368
15668
10124
2349
9607
153
5020
15365
9640
4658
16196
14394
12987
16041
9613
284
15091
5954
11762
16557
15157
7937
13241
4731
6637
6316
16851
3674
16561
923
4881
6183
962
19072
15264
3418
19844
506
12809
7473
18886
7385
4618
7567
13585
18805
764
15865
12085
7236
17805
13494
8118
17957
7080
15014
7024
18507
13721
17329
4757
19922
12368
12047
1654
16002
16698
15512
9965
2686
8941
17515
428
1889
9534
16063
2835
132
4669
6979
16614
715
9442
9135
11021
3002
9011
7349
10944
12737
18603
9296
15448
14040
7238
7507
4654
15933
611
7946
13121
1838
6188
19506
1117
9303
10575
7792
17692
17908
16293
2527
5716
2643
15295
18770
14973
17842
11960
5935
15870
13140
14547
14363
13828
166
635
2997
4770
6758
483
822
17661
14600
12603
14578
5858
85
2328
1241
5590
10162
6001
18558
8411
14575
17530
16714
11444
609
7106
2086
9041
3520
19178
10544
16712
12817
4997
1572
2760
555
3955
2580
9361
10371
9010
5877
5416
19032
14840
1665
17418
15705
18685
13796
18995
19810
1322
3408
8838
281
16715
8107
3605
13753
16845
17972
9282
13789
12805
14611
11164
19542
17273
16787
1354
16857
19292
7210
3031
16947
9620
10119
2171
18151
16049
19206
13073
15561
1958
5823
18065
19093
19031
9428
7187
9773
9412
17462
4280
13916
2511
3632
7310
13464
18241
18039
6705
6725
8743
8477
4725
13787
2428
10567
5883
10464
15535
7504
7448
16274
10828
10126
6957
11962
7465
19377
9156
3592
804
19887
19576
2628
803
18100
11527
13048
3657
1950
2153
3435
2725
3455
10842
2682
6138
6567
2540
5244
18277
14487
8856
5993
2389
3705
15281
19858
5484
18658
19641
11835
12993
12195
6892
1153
15027
7996
7787
1682
2031
17959
6880
1632
13813
3983
1937
9865
9074
13797
12272
14193
14920
16742
742
4375
16122
18716
1021
4703
18534
19975
17874
15853
9921
712
64
18265
14255
16926
17466
4899
1175
6398
5740
11737
7484
6792
13573
18802
673
14743
5254
11153
2576
8259
5101
13498
8672
2264
4679
9993
554
3793
7397
18556
351
11991
15714
13458
17272
13032
17963
17651
5630
12953
14367
3631
1942
16264
11324
12797
17812
11797
9564
12342
15490
18786
2427
9721
3181
19661
103
19189
6808
2042
8555
2964
10609
3195
19828
11740
13340
14694
19806
11531
12103
15620
5459
2440
448
10414
805
255
12971
1245
3918
13673
15572
7309
1133
6572
15237
9207
18656
5238
18497
368
503
16775
7384
16469
19796
16601
9258
2926
17096
13394
10494
19375
48
7013
10832
9575
12117
8872
15667
7469
10286
19646
11726
17004
14376
7362
14977
1472
4684
11190
779
3016
13023
18974
16523
16079
18554
6394
15291
12990
10030
765
12661
15604
658
3791
15414
17382
11156
11399
4678
3941
19676
16305
9705
3523
10450
6254
13031
17035
11970
15625
10628
1594
8204
15733
6866
18623
4739
15822
5603
11378
4139
5751
12310
19198
4056
14211
1908
11179
8778
7199
5283
5835
10427
8276
16826
17605
16268
10611
6247
17878
615
15064
16551
13938
883
7136
10543
5046
4444
6503
18475
13145
12318
16935
8392
17803
15208
15367
3836
442
4296
4900
17725
13926
1742
3353
12345
12620
18371
7353
5540
13662
8098
17146
1062
6744
16619
18865
8825
7004
6565
4613
18320
6749
770
488
12462
15022
10882
12607
5982
9240
14692
9117
1114
10435
15302
5307
6574
18487
738
19261
1772
14679
18347
11589
43
2021
12264
15236
16901
7053
6178
15918
12451
8475
12749
17764
16770
16382
16564
6966
201
4866
891
1643
15211
17633
3739
3842
11829
13881
4949
13138
12268
4938
2075
17684
17556
2610
16992
12082
13567
1689
19608
8280
6144
2784
11837
703
290
7141
15039
19911
13610
10211
11167
12812
8045
10556
15866
1964
13729
13435
5686
3673
941
19919
3368
16126
16779
13812
4085
11770
10004
9324
8600
9064
6775
315
13697
8022
18207
12208
6168
3940
17385
5564
18399
5095
17675
2571
8076
11028
15212
966
8782
7317
17901
8822
6624
4252
8581
9504
4284
7537
12724
17065
11813
2579
6396
8694
2651
6005
2049
10483
9625
7015
2882
17050
7092
2543
9770
19478
12403
3113
9966
3815
12538
14055
2504
14565
819
18033
18754
18963
1869
1259
4616
4661
10107
14003
15930
2122
17477
11020
806
10062
18927
2025
10917
4606
17851
9975
19482
18351
15460
4310
7157
16100
1130
9410
9827
814
12390
5082
13201
4041
5154
7715
5170
8127
11448
18264
16637
12906
1147
5240
17049
6352
4963
8740
2766
14851
16439
13540
7342
9616
5746
4640
8102
18500
19987
6628
5951
13401
6631
17939
4178
13113
6929
6079
8129
19749
14991
2679
16969
6587
7627
5104
6858
4264
18150
12773
3548
16931
17109
15032
14114
7170
14711
11001
8630
4454
4501
10473
7849
14096
13735
9305
15816
14264
17912
8154
7562
4092
8501
17087
18176
15160
11088
12569
861
16987
19533
11720
19536
10664
7791
5069
14356
19762
17353
5776
9710
13891
16609
3912
18184
2377
18274
7367
17690
3634
14087
12828
5697
5463
19356
5698
16339
8393
1294
2977
13985
9864
6986
9186
7360
5327
12056
2838
18688
6975
19594
7544
5730
4100
1658
1684
12888
606
2938
5221
19449
10571
7269
6037
2697
16201
18149
6370
963
7805
12472
12388
137
13902
8543
18730
17924
12532
11915
16428
15965
2285
13715
11049
11339
15217
10190
7998
955
18758
14698
6640
9595
19184
19169
9143
13853
599
3372
15973
19728
1886
10465
8826
11684
6411
19495
5493
646
2002
1678
10002
7075
19566
11492
18333
1773
11945
11542
2493
4604
6342
17733
1832
3913
17696
12129
443
17849
17485
16541
14503
19048
7260
2531
19508
7321
8532
17580
1426
7063
18023
19003
16552
17682
18004
500
13907
4806
12808
5040
13800
6161
9851
7941
15359
4539
19496
10083
654
16310
19493
11778
14927
13769
2200
451
9421
5267
4579
13974
8749
13019
432
15439
4391
16211
5523
18030
13807
18411
11787
3102
9836
234
8562
15089
17644
6701
6733
16891
16945
19489
4025
16149
11194
13808
3245
17958
3669
12443
1530
12435
2614
11330
19299
14814
10648
5051
2963
10802
2617
11767
214
14113
5577
17405
8221
4854
3841
4761
13091
3672
5690
1193
16998
4673
1738
6393
3176
6597
6971
7055
12710
3620
4398
19704
1916
5130
12292
8918
14337
13901
190
9603
15018
16647
17709
9507
8763
15851
1491
15047
1371
19599
12716
19900
16242
9462
5146
2657
8615
1941
3286
14395
17362
759
837
4404
5896
17249
8279
13483
11585
2986
15082
2227
12931
1100
18360
8014
15850
1320
8157
8481
16751
1883
3280
11868
3996
16813
14467
5602
10729
15664
4557
787
4434
4036
2334
86
3294
9904
5
12567
6760
13773
16429
5223
5116
4780
10021
1120
7232
15309
14318
13320
10498
8156
7903
608
17640
18728
14203
11468
18398
960
2343
1921
3382
11162
14705
1796
9895
1211
10214
7768
18396
3676
3852
10346
8658
9535
6053
10660
6589
16398
13776
691
12270
16703
19788
5297
19098
18769
16319
13652
9592
3488
16387
18557
9161
11471
11272
16314
8788
4934
11849
10890
10318
15556
2095
12046
3345
334
15911
19814
2283
13059
17492
2572
15563
2872
17268
13631
15354
19238
15838
5215
2056
6724
107
1145
17536
18242
4644
17164
8314
7119
8243
17917
16973
18385
10348
14280
17754
14626
11933
4853
18520
2984
16859
12726
2734
11502
19932
823
15194
13338
675
15920
4420
2368
11012
13419
4750
19543
15263
13519
426
15596
18075
18250
3973
12943
14091
17288
18183
5981
12464
13609
17634
8926
13047
8508
17652
743
11824
12927
2284
4274
5591
8199
6302
6909
3551
13341
5471
16484
11115
4410
2012
4990
19491
7926
16955
15680
6777
291
12916
4945
283
2333
15806
3625
7061
6696
10742
2942
16716
17817
9899
8770
14421
7453
8535
17728
17501
10860
7950
17603
5292
19013
5878
19541
7131
14630
17233
18681
4947
2969
3988
687
19157
6154
16222
556
10707
13067
9953
7012
3790
17045
12198
14758
8645
10322
12034
13795
17361
4820
6423
2735
18081
2229
2030
3387
4179
782
14931
12412
2017
4201
6603
19710
18428
11360
7478
7068
6773
3405
18165
13971
17613
2848
298
17099
7734
12089
17053
11526
5759
9523
14036
7155
1336
15820
1662
651
9671
14420
418
8263
16887
12218
15338
7600
1675
14352
16250
19895
10583
17610
11092
17745
2032
6390
11607
3479
5656
14761
17364
9026
10492
19759
7414
2860
10728
14636
3943
152
14435
4155
340
14112
15287
13199
15409
337
15957
4918
8397
5219
6615
1570
18596
6116
12441
19525
10673
9626
3162
19939
17891
815
11761
17282
3725
14901
9547
3753
11903
4111
19912
18712
12465
8085
3394
19878
4064
3571
3848
5584
14168
1392
7963
14432
10333
1606
19620
7714
15653
8138
5352
141
11897
16507
8904
2965
10861
13590
11646
2960
9591
662
352
3970
18138
17624
7286
10482
16515
4313
14717
19726
16498
17614
19962
8331
15140
2842
8706
8850
7126
6130
3234
17417
13082
18744
10224
1128
2993
15527
12795
1554
4685
6459
5941
7200
2642
3844
9757
18213
6843
15079
3454
18456
2752
15195
10255
11430
5015
6311
19589
10953
15050
19330
7156
4114
16643
14388
12190
13545
2218
14816
16081
10086
14580
19050
5619
15628
16072
10168
8445
4850
9192
8456
11841
8922
19947
8942
5831
19623
13176
2525
19637
2313
4542
8975
15080
7880
14546
2172
232
4013
16064
7480
1140
6061
17140
11204
1291
401
12192
18965
3110
9214
14500
7828
3262
9570
9838
10730
8626
17526
4608
831
16137
18102
17763
1229
2494
4328
9982
9390
2899
11169
9105
14482
12579
7101
13555
2991
136
10068
15634
14235
19933
4714
8719
9124
18616
1195
2176
6810
10581
12175
10234
19834
9318
14299
256
10194
3596
9633
8611
6258
8722
16461
16749
8708
12561
9789
4402
17742
148
2877
17202
16897
18968
14191
7
12718
18042
19591
17074
2514
5847
8422
13423
9946
1032
6412
8006
6576
8296
12110
6303
2234
8408
12497
5230
7710
4532
7717
19831
12618
9171
11658
6960
19498
19627
2430
345
9218
8055
12959
7113
14683
13890
15158
1346
4485
15699
1343
17840
1532
17750
14145
12314
1
10840
11697
6641
19777
14529
15852
12420
8019
12285
5100
3118
16419
16543
630
407
7505
7679
7027
16581
15165
10264
19276
11851
11123
10063
6305
8842
19892
10582
6133
16639
19458
15234
6686
10354
12589
4051
17850
17030
7373
5907
16255
5714
2257
9955
17457
13209
13591
7413
18073
4497
4800
2261
959
11577
17533
11147
3637
13167
8489
5208
18112
14493
5068
18471
7531
18108
10923
4811
9717
7348
7730
6027
9999
7810
16628
15280
1779
3900
1666
19352
4908
7258
11101
17397
621
17630
16071
15976
11719
4830
1118
10259
5500
8326
19715
4642
2084
15700
18232
1687
3221
10358
3733
6740
8495
15761
1394
12100
11624
17122
12648
3108
8033
4136
2906
3242
6148
9660
16232
14658
19747
4288
9191
10458
6847
9058
19341
14801
15303
2562
9866
11477
12697
15895
15053
19143
18948
16882
15886
19479
6949
16005
15785
7735
1441
8669
12148
13589
1476
10627
16193
7402
9243
11701
18332
2546
17168
1504
2247
1923
9704
18545
4235
19718
5398
6551
5057
121
13045
12432
5142
14713
14752
477
18594
19317
9726
14966
10164
13772
4250
7973
2825
12006
96
11081
11815
19564
8158
15684
7248
6093
10499
1001
9556
19077
6735
13451
3094
1939
4150
10228
19595
10641
9611
2836
16996
16759
730
19011
4441
1030
6908
2856
15557
16633
14132
13726
297
11530
2298
10752
15299
1250
6619
18622
7163
4089
17975
10877
5578
17312
4384
11165
842
6831
3532
134
1520
16275
2737
8494
4123
11562
16062
8079
19734
3711
2586
19295
1757
13970
11807
1670
13474
910
247
6793
2805
10481
14850
5332
10340
9629
15982
3495
13249
956
6335
13479
19386
17404
5842
8594
5385
17919
17839
8325
11601
5165
4566
12958
3833
1653
13978
7103
9931
12099
3320
11706
3236
16113
1351
892
18021
17296
8732
10871
2206
3715
19278
17107
5363
1403
11698
3624
18635
16529
1944
11895
9896
16585
1497
14483
2601
15660
2497
9272
680
9939
16971
7979
12074
10555
10179
17629
1091
12801
4530
12241
11832
19007
8533
9110
12457
6581
18355
1481
2767
11696
14258
6034
6893
11968
19965
13148
9435
19514
11196
1897
11580
1813
2135
4596
1800
18283
14097
2450
15056
15103
19161
1154
14365
7573
11673
10177
12080
1569
8923
12212
307
2474
16417
10989
7777
19988
13061
13083
7654
16602
19841
17705
11850
5652
5799
12037
3668
11464
14389
2884
9288
15992
18316
3609
9429
16892
15763
5873
9669
16472
2103
11537
6273
7378
4831
9555
11050
409
15566
10811
7108
17258
4667
1453
19618
16312
7553
3008
7688
13126
18162
3766
19929
12594
226
13144
13040
6626
2602
17899
9076
19433
4639
2732
14716
14162
8346
14662
19800
1806
13296
17240
6057
17973
331
1503
12765
6026
12039
320
5695
19028
180
17136
11597
12804
6745
8683
4141
2810
1107
13860
12033
1146
13353
17083
10541
13430
16943
10381
10850
12924
10183
5923
10814
15487
7842
6483
18259
11938
5174
3908
1799
7700
5134
8111
11814
5794
17155
14076
10035
16761
9453
17176
7667
16774
19976
18812
6743
14642
9463
71
15770
6737
9604
4431
3252
18072
19174
6119
7070
14470
8509
11954
3293
5140
5876
16331
1373
5351
3667
9810
7539
12387
10881
5009
8667
11404
11202
11618
14241
17473
3760
2570
5370
342
14456
16425
16333
5605
6642
14384
19461
7142
1477
19310
1604
18585
18863
3700
1995
16224
12938
3012
17464
594
2809
9803
15331
17246
15953
7094
17927
4998
6272
11278
17430
7637
5024
9277
8095
16782
19369
14664
13750
11086
5379
12794
19603
5575
13612
10545
16801
5470
2932
10339
3115
19483
236
12049
3765
7315
4711
459
16824
18743
11237
18906
9831
2137
1292
6349
18298
12293
3463
4416
3211
4381
17869
7902
3665
17976
6583
4601
12344
10161
7809
10737
265
838
4915
4541
17967
14726
4992
13133
8507
7790
6286
12848
5183
8744
5216
19696
15621
19833
18777
7511
19654
14267
6910
13224
18397
18485
11806
11552
12271
12912
7185
3289
13983
4632
9172
18489
18608
7135
1198
11462
13164
422
11800
10447
17893
10915
15912
1293
11230
14007
1187
13065
781
2528
5232
18481
18833
19429
15803
8123
11745
9424
13783
1256
7752
3448
3506
1546
5034
9995
9139
4476
4967
17151
927
8109
16702
9833
8376
10005
11885
14551
14445
1573
11809
3529
15881
2988
10388
2488
489
10849
2633
14538
2412
5027
11056
9842
899
15758
19617
14375
1808
17514
19708
8639
11341
13954
11046
7031
2676
16621
991
4650
6107
3324
6839
15454
319
8061
2818
6652
10980
8057
13541
15936
1235
778
5712
15395
18156
1309
12005
7379
11403
10876
12727
7538
13222
1196
16593
19210
9242
12896
4180
4071
11294
13036
13297
7919
19129
12023
9689
12574
8460
19389
3043
10985
2387
11913
9805
12298
19604
14494
15523
13259
19889
10546
13624
1219
14115
188
13507
9290
3647
12728
17484
4797
11840
16907
6864
2379
4985
3849
7449
8813
4619
1374
144
16228
5246
8664
13791
15934
1111
15508
8174
6620
6414
18913
12904
2439
1899
6391
7102
5253
12050
642
13081
19625
5226
2116
18662
4095
15247
4878
7742
12964
11651
12096
9690
15232
3478
8251
9141
12543
8650
14581
2252
193
1262
5272
8152
14106
3159
9824
3447
11372
2671
16127
13180
14650
545
3011
5096
16982
12738
3035
15020
14767
15384
2796
7344
12305
3860
16366
2443
15216
15907
9781
11070
11755
3056
11705
11243
15245
18723
6719
5766
7886
9300
3120
4143
15817
1619
10132
4467
12571
13951
8037
1521
4627
6100
5987
5268
11723
12861
18826
19774
6433
9432
14069
7585
16237
7338
12351
16205
9363
5894
15781
16559
6060
17428
12404
10248
5287
8273
8048
10657
12474
7623
17446
9991
1867
622
5958
6534
11588
13267
19339
8467
14872
4877
12182
19731
11665
13780
15717
4578
8592
14369
13775
13000
8940
8840
14607
16632
17378
565
3566
3442
189
9036
8652
18868
12520
11961
17744
13475
12423
12166
12348
14050
2692
12836
7345
13688
9080
14629
3944
1702
3779
10862
18124
16442
9388
767
17483
18734
7296
8587
7824
2335
16454
1667
11780
4109
13599
10943
14236
10151
510
12224
15319
15049
8015
8058
16360
13798
4297
19688
7188
494
14118
9642
16153
18920
3623
3484
9313
6533
4249
11804
11774
3804
350
13700
7498
11924
5979
13909
4587
3750
12383
17915
13034
18864
9808
1753
5816
19898
5781
17729
18170
8216
14681
5032
3233
18510
7588
8067
3537
474
18370
19684
17926
14125
5510
8064
8436
3018
15647
19582
1677
18078
2903
2824
10220
16823
1994
7745
8862
4697
5188
2640
11137
1184
63
13829
4094
5077
1871
19990
17801
6811
2715
3682
567
16110
3541
4319
18488
16474
10146
10762
484
10817
7566
17708
7444
11558
4875
16083
3847
12536
9102
2145
10550
9285
13602
13476
8505
11458
11215
4696
12238
7620
9307
14246
11943
16586
2294
9475
7565
13424
14563
185
9527
9587
16991
603
7882
1498
12194
11386
949
16478
16477
11354
6112
5733
3698
17204
3424
19179
6989
13575
14599
3301
9963
2243
570
4748
5638
3718
5970
18797
19209
18555
8424
1356
2413
11151
13811
9707
2167
7059
7237
11043
532
19275
18877
2092
2698
3422
15651
1224
12934
1304
438
4131
19838
975
10253
11224
13253
1312
13915
12704
13216
19197
3165
9949
16375
9829
16831
1828
15595
4742
8458
18815
5089
11336
13357
9646
18619
4324
7727
5509
8203
6080
19742
11855
13982
17538
8120
5649
9580
652
8812
2883
2756
16942
14774
13572
19201
11024
18192
17607
1445
4649
4279
1411
2897
19259
9994
2152
15969
11006
3361
11901
4595
5949
2410
17075
10607
12254
12671
15728
3160
16697
4484
18593
5674
990
4772
6491
6446
19931
19018
6718
16263
14342
11713
12736
7426
18301
16440
9395
4925
15098
4320
14632
10125
3456
4942
8059
13248
19879
12988
4612
8395
6629
7488
9498
4039
7609
16736
18951
14786
9623
12647
7568
19255
16459
18196
8551
19967
18120
14755
13162
6991
2547
8044
2124
18453
11073
15126
8361
19095
2325
5286
19374
11731
5294
636
17306
14038
18246
4763
13472
9551
19845
9346
10042
3863
182
4317
7247
4242
3238
16964
14554
5561
9219
15201
14045
11736
13228
10304
995
4600
6730
13080
207
4724
2217
6111
15317
9359
19785
558
16713
17894
7322
8200
14722
14518
9703
10523
18936
1002
5857
19440
4735
9174
16743
3192
13756
5764
14876
5479
5393
5343
10409
5735
2587
1844
9401
12932
18177
2182
5181
7372
14361
15371
16797
2739
17169
2662
7855
18731
12799
16266
15493
12010
7208
9925
5728
17082
4080
2560
7058
1169
17937
7100
18686
7580
10510
6821
12626
10852
11803
11926
19523
16922
1613
19881
13261
4072
14288
13257
6658
18226
9205
9804
15694
10941
12177
15811
15659
11259
1209
9696
10033
7592
9032
68
19782
896
12277
1017
12581
11141
7275
5838
19431
161
5964
15507
18882
6794
465
2745
8368
7023
10736
18499
6704
5899
8198
16961
5083
2949
15133
11132
10098
9292
4396
2660
14077
8353
11709
4271
2192
10013
10245
8358
7326
9861
11480
15666
6508
15745
12720
7577
13764
7218
18925
1489
6806
3539
2004
18034
8001
8197
12011
151
15863
2129
617
485
6984
2157
7991
12699
3722
6738
2107
1513
3915
15037
531
7784
7069
1347
3748
16612
6948
13070
8430
17518
2919
3028
12664
13822
15276
1080
15284
13961
1713
4010
12840
11315
4732
11320
8106
8332
9538
17863
2060
7046
19346
8232
175
19402
16008
3966
6980
19044
1770
18362
17110
11296
2028
16800
8979
12487
12402
11744
7999
17121
8455
13076
1405
13762
8292
19494
1204
627
15798
994
12042
16905
9474
11310
3862
1660
19697
16423
14165
16259
3256
18808
16032
573
18946
11033
17370
15840
16883
380
19985
16035
13647
7899
9892
323
7002
7674
16671
9241
13660
17519
14667
16111
2827
9278
9094
15202
18106
7722
18624
2168
3965
11295
8647
624
6748
639
11727
16138
11674
1751
12488
12514
6959
15626
3846
10127
6208
4353
16470
16876
12894
6802
15513
17836
10239
4648
18380
9054
1750
5430
6867
14946
591
11312
12919
13272
8976
9070
9793
17888
15491
6791
1018
13864
12512
11433
13122
5368
7096
4379
2727
11724
19084
2894
8606
17071
9276
19616
19940
2065
7713
1396
3360
6650
2916
6315
3854
17383
12955
19280
7302
1297
8150
9271
11866
3697
4552
18750
10080
11784
14164
8609
12900
12776
14671
6787
11065
2491
15611
1824
1372
9702
2912
11856
17064
13403
11225
18871
19972
19703
5207
15432
18107
12433
15240
19968
8295
3884
15946
5321
15423
6836
3731
19813
6795
15980
55
3984
4960
3821
619
10912
8310
10237
328
13301
14559
9494
9397
10495
19957
18975
8400
3827
15344
8921
4054
8676
13378
11546
9308
15402
12507
3326
11377
1718
916
9400
12521
7857
15376
8211
17502
14537
15614
11839
13670
11375
3197
4355
6402
2962
2490
626
15837
17124
4917
5456
3768
9310
8627
9775
16277
5061
13745
6248
19090
200
19516
4553
17736
3295
9268
6052
1953
17026
14703
19283
5387
3709
11364
7964
58
14017
11227
5750
2832
14956
13689
15477
19739
5571
8806
12429
6007
14474
12660
16241
17718
13171
3769
10955
12505
9559
6648
15230
482
240
2515
19180
8137
15313
12956
11376
17163
497
1360
5774
1155
3772
1092
13218
13487
4919
16004
16936
4077
17681
16664
14338
8715
17042
14251
2513
10199
4522
2994
3714
18575
13576
5989
10116
5227
15669
10415
16598
14783
13717
5073
1885
13044
5792
10131
8312
6693
15677
15364
5889
3003
11459
15796
439
10180
10996
4874
19669
14021
598
4517
13189
18529
10420
17761
1407
11541
10645
1483
5895
7022
7084
11214
8895
1283
18172
15123
6240
11128
3555
17135
18583
8636
4867
17902
15357
15329
8677
10845
8729
835
7712
3440
9602
19400
19502
914
18458
15644
16393
6614
8387
1158
19004
16910
18018
6332
13646
2940
1425
15004
8938
2127
19520
5769
18780
13219
7813
12275
8564
2952
12306
18941
11785
17544
16067
11791
11821
11143
16112
390
17808
15060
18049
2532
18443
5296
10163
2508
8239
17601
241
12696
6468
5004
15059
18856
3030
16555
7942
3255
5341
8469
12427
4439
14460
2424
233
9250
5551
10365
1798
18837
3957
17747
4577
8628
2773
6604
312
11877
6940
13103
8721
15833
17251
16584
17479
6549
10031
16658
10918
16286
9905
10733
14677
3071
17577
13305
1073
19009
2475
4083
6646
19690
12542
4817
14933
2270
11977
18011
10378
10956
19055
9405
7361
4589
11356
4924
2196
11206
3379
480
3318
18996
2134
5699
15631
16732
19194
19099
12414
15756
82
1086
12377
4901
9962
19547
566
11172
9884
5222
19961
4946
16818
19300
17255
17366
6973
4119
19439
17232
9665
5231
13095
14074
14316
5693
998
9739
1600
3279
11201
12157
5996
18891
9187
19624
17424
14857
15129
5059
5012
8103
2656
3097
18952
15235
6865
18130
19737
8266
5018
3876
18043
2647
14131
2273
14136
2708
16667
8431
2552
13446
3911
13636
10029
19321
6919
3869
12651
19080
1926
19207
17945
16082
3473
9779
16415
11442
9347
6717
5448
17637
7546
8579
1518
18811
7923
11516
6532
4889
3798
16965
7608
3776
10404
14149
12654
19248
9408
143
15515
4063
5961
10380
5938
1252
17320
10268
10847
6675
10406
11478
3249
361
3975
13900
2623
12711
4483
795
14412
19949
14954
9670
9211
15278
6099
2862
1945
4468
1566
19228
1984
3334
5446
2457
4376
1858
18257
15723
16752
19311
13398
8218
6939
973
12884
6512
7936
8049
13008
3038
894
9978
8733
4527
14205
926
11953
13933
18236
11515
11116
7831
14586
7278
19973
13979
11154
7067
17159
2272
9846
4011
18092
7684
13489
4362
14731
7881
1524
12858
14452
11370
8794
15226
5487
11288
8340
2141
12717
14688
19481
18154
4598
14160
6863
3962
13420
16654
16521
6379
11316
18566
10310
15222
4713
3063
19241
3322
2780
8117
8574
4487
16796
7074
15538
18719
3527
12674
5761
12120
4936
17600
7240
10452
5394
3017
3780
11875
1179
6485
13421
9106
5749
16411
12294
11972
9162
3349
4631
5094
5225
6827
10864
7390
11411
11359
15663
7887
12312
2620
8071
9514
6635
8183
8705
12139
17981
14002
18280
5235
2288
4052
2638
11974
5924
911
1880
2874
272
12700
1755
12008
467
18346
11596
12219
12283
16187
11671
7521
17856
12614
15687
9456
11836
389
4472
8206
13614
18542
13548
18956
5586
17458
4804
5680
192
16638
19558
4021
16410
7359
10573
4717
2375
12789
18597
18417
19390
17040
10170
12772
11345
10759
18830
17639
1783
8023
8099
15565
18405
13129
12731
3866
5544
17974
8512
12712
15645
10602
19601
10714
4305
11242
11936
18153
19312
19181
11848
449
4722
12234
2758
1499
14080
677
5344
406
13117
17570
15650
10463
11629
13345
7545
8343
10282
8960
