5178
31025
5135
6523
27636
31030
15513
33409
17619
8064
20483
30955
6545
8884
15469
6011
27638
28033
8070
21961
31033
20470
19408
5242
21991
3414
6558
27723
5150
15350
15396
27628
15450
5126
20462
27709
5190
15356
5255
27676
27647
27711
5143
5252
20503
6492
5222
27646
8069
31013
15456
27637
33424
27682
3366
3377
3389
54
20525
8847
15774
21977
19407
27672
27773
30989
8829
5220
6602
17698
6596
8855
33392
31022
27619
5122
15439
5168
21973
3390
15406
27684
27664
6524
31054
27621
3337
21939
3380
6621
5120
17725
27648
3440
15435
6514
33458
27680
20426
30970
5113
6491
22003
21958
15492
6554
15366
5141
31035
17692
15486
27659
33447
15510
5240
5174
3340
5229
6541
30986
31001
15407
15463
3348
28718
28613
32244
12275
13682
22050
22047
30859
20333
28707
28705
30946
16817
12217
28616
10569
16680
22092
11780
2589
4305
32246
7118
2578
18529
30893
16781
30927
30912
28694
16706
20292
11774
12220
30892
7001
7000
7065
16649
7085
18451
7082
16743
18580
32248
16744
13693
12254
32227
1496
11776
14722
16756
7107
19670
28668
7037
14799
24429
32291
32280
16815
14828
16765
18644
16661
7131
12278
7120
4271
18611
2581
32347
12190
16655
32307
16816
6989
16652
10536
30919
28681
28664
18507
7018
18487
12280
24509
22059
24475
7080
10534
16772
2464
14716
16691
10462
20332
14725
1479
7056
18523
11777
12270
13688
18474
30911
14740
12273
32348
30871
32234
32319
28657
2570
12229
12195
14702
2592
2555
28630
18615
24418
30913
20300
12257
30889
1559
32324
28693
18640
32289
20287
18623
30910
16869
15321
15230
16947
5627
25856
25181
16886
31834
15343
15329
3080
3095
31851
10136
10117
5698
15267
19205
15284
31504
15333
5679
15751
21559
31826
15299
31450
23410
29437
10119
3010
10096
21483
5684
21465
10226
31920
31835
15222
21476
31871
15305
16898
3143
21487
31459
15246
25182
3104
10209
21543
5595
31499
31303
9941
15268
21731
31936
21537
31521
29440
3113
15204
10694
3873
10686
23415
3035
5706
21596
21542
21468
10593
25223
19211
31919
21594
19684
31918
25197
31307
31921
21582
21588
21580
15254
15264
15336
21574
21589
16860
31833
16824
19158
21513
16857
29516
16848
10652
10111
10148
10127
31887
31485
31862
16923
25163
31870
10181
17552
10634
21516
15213
15302
21567
15226
15206
3004
23424
6202
31977
32067
31993
27472
33144
6259
12610
10721
31955
6278
28572
2812
27432
27367
1926
32032
1961
27429
31985
12626
12659
28535
32033
6286
3957
27370
8164
28509
10765
2816
31378
1976
24693
10704
7592
7610
31354
5950
31956
27441
32010
10252
31411
32072
31959
23663
10255
12608
32000
10259
27406
1948
6212
12709
12712
27466
12648
6200
28527
12638
2750
1998
15022
31403
24654
1929
27450
27395
27483
32028
27403
2795
2805
13912
13861
19189
21522
5681
23397
19231
21508
10606
16919
25134
16881
31829
21472
3001
13868
5671
25117
13964
13940
10215
21458
31932
16910
16826
15282
23605
13911
29471
19111
2
19177
10144
31490
25188
31455
23490
15257
13955
19221
25105
13884
25170
16827
13898
10682
13856
13891
29380
23488
21554
21503
23408
21532
13923
21491
19191
19220
10690
31837
29444
10057
10666
5692
21511
19224
3
10189
15231
13951
13945
21492
10020
13870
5673
31844
25171
13862
19187
16901
25877
19775
29551
13990
29414
5629
23454
13988
29481
10131
5600
31902
29546
31853
10092
13994
13877
10188
10241
21592
19204
10115
19123
21597
5686
10642
13897
21478
10239
13926
29394
13968
13899
15292
10622
16925
31505
16914
10633
13854
15240
25177
13974
10617
13991
10071
13896
19154
29397
31441
10649
31847
25154
31440
25198
31872
23373
21477
21504
19102
19113
19155
19142
10202
10113
13966
10178
29399
13866
19121
13850
13959
25143
19196
13931
31437
25247
13900
25241
19185
13916
13858
21546
13893
25226
15324
10097
23542
13865
10145
10611
25113
23530
25200
11856
15335
13970
31866
15278
5618
5680
16934
21590
15659
10653
8413
3128
23457
16903
10670
23549
25232
23436
5645
5611
9965
10646
10679
10681
13946
3044
25844
13972
29424
13965
23536
11789
21505
29474
29383
25842
23523
3036
3053
23522
3088
21541
29430
5702
19109
16913
5701
3105
10107
25256
15320
3016
13944
16921
10600
23495
31435
10671
16825
5672
5668
13971
13950
16890
3126
8414
29458
10675
3018
13905
15256
13881
15262
3022
29447
10205
23452
13953
25176
13982
16859
5599
3130
25135
15285
31447
3093
23531
5601
29492
31877
13924
19216
15308
10245
13995
17635
29379
10066
25244
5639
21581
29375
10184
23651
13920
23389
0
29384
13973
17579
5664
13878
19107
29419
5708
31461
5661
19799
23653
5683
10648
15251
5713
10099
3127
10090
23434
5650
5624
3052
15341
5598
21571
13894
13913
10640
11799
10630
15269
23439
10637
23491
3140
10668
13855
29468
10628
11795
31832
15221
13981
31429
13874
5659
31445
23547
25100
16829
23446
10674
10667
31903
23517
17564
10176
23456
10153
25258
10154
29480
10095
25237
15326
29390
31479
15227
25199
13954
10610
29582
10598
21569
25159
13978
10645
16897
25203
16835
29420
5956
19227
10685
31486
5678
13863
25158
16942
23390
15318
25768
10591
25215
29453
19153
10248
31924
25164
23534
25213
10102
5691
23419
25174
16870
10689
10201
23524
23484
23417
31498
29439
29374
16877
10601
23533
5603
13933
13983
13910
23442
8409
3009
23463
15307
10620
10643
31463
25116
25193
15275
19662
13927
31942
13902
25167
21460
23394
3065
5634
16873
19145
31951
23413
10086
13908
5952
29476
10635
23376
5670
29488
13901
25189
31495
13921
29477
10142
31473
3070
23551
13932
15340
13915
10632
29408
11765
10163
15286
25120
15245
29467
17565
5612
23527
29450
3054
13925
29470
23467
21525
5596
25219
19122
31464
19658
25254
23670
10185
10170
25769
13928
29459
13934
23512
2336
18359
6018
2283
18435
21020
8047
142
21054
20991
10310
2295
6147
27775
2395
9085
22978
26260
26289
28760
26309
26303
9108
21133
31316
26279
24105
209
9038
6108
28748
28878
2294
288
30421
2328
9045
26263
26340
258
26334
18259
6115
26287
9044
2442
2343
23993
240
30485
26246
2365
28866
26262
18251
6087
30390
2439
6074
33181
10294
10318
283
10306
3973
21060
31318
6159
24015
6186
21008
21044
6181
18345
24001
3968
21125
23053
21131
30389
2403
9071
20998
2278
9091
23094
21130
9143
28725
11714
28835
26359
28757
23060
2348
169
30470
23022
26322
18358
18303
28762
26311
26350
6171
21022
23033
28832
23061
20997
23030
26291
2317
2279
3971
29528
28826
20988
26280
10287
26299
28743
26243
21077
23001
2346
22967
184
9106
18254
7910
9033
23068
2369
2332
9102
21016
23077
20578
30607
1021
8396
5439
13088
26554
17064
3238
20604
1023
8303
5371
3240
963
11146
12982
11099
26572
16997
22270
31550
18726
29709
29752
8359
975
29719
22263
3324
3312
20575
29685
20667
31609
26548
29750
5375
31695
16996
31599
31577
8339
1125
31638
15939
31603
8349
16992
33260
30603
20569
1107
18826
30591
26549
31556
960
20576
18784
20702
26534
31668
22255
3231
1015
8319
29637
13741
996
18714
31615
22277
26581
22259
8295
8406
8393
30658
26514
31313
13004
12996
5420
30686
26525
30589
22280
17087
15907
31683
12957
17607
3206
17101
29635
11132
26555
18741
20562
18806
1105
20620
18693
976
30605
22309
1117
1106
29703
31624
31674
29721
11035
20664
1859
29680
20556
13033
18827
1065
1018
1099
1002
1101
29695
26596
31680
31686
30706
20672
1036
17013
17603
13061
8345
13680
18804
31584
3294
5306
29655
19755
13062
26608
17098
26533
26606
18769
29660
11120
1031
18817
26600
26566
26517
3201
8356
29746
17088
13029
3287
1019
30598
17097
11152
3280
26524
26616
22281
969
5312
22244
1089
29657
3319
1116
5432
5407
26529
16981
17067
8999
22247
29662
15914
11104
12988
18667
5405
5293
11105
8996
8156
15905
20663
5278
26592
20652
20668
31591
16952
11846
22317
17085
20605
20689
30719
8950
5335
16970
12960
18770
30586
26537
26614
30704
5427
29734
5398
18814
31568
15922
12961
18654
5404
8984
8346
5387
16993
30656
22293
17092
8897
13015
8976
18673
30675
5382
11048
17056
15935
5283
17043
3282
3318
31671
1059
20598
5416
3226
11841
29697
26546
8970
13110
17072
17060
3264
29780
3203
8902
5281
5305
29727
5386
29632
21620
29758
8394
12969
31670
20655
11055
10024
11056
18738
5285
22226
11094
18813
5319
13030
26577
18725
3315
8937
5417
3192
5426
11065
18689
17105
8979
17018
18751
18676
5428
11161
31617
8942
18659
18756
15962
30710
18652
8951
22253
5356
13010
16958
13038
8928
16954
15887
13042
27761
18650
17099
29714
20596
26527
31684
1130
22272
12997
5347
13012
20629
20634
18666
30679
11076
22220
13115
8331
22313
22308
15916
31682
26518
13067
1824
13024
11095
31600
11067
5339
30648
8926
18766
20692
18811
8907
15957
17022
31648
26595
31322
1067
10047
31659
17616
1119
9004
31651
21682
18796
5291
12992
15678
31625
31673
20586
22325
17124
5392
8987
29673
31601
31664
26522
30711
11716
5350
8344
1096
11059
33182
20665
1910
31655
8919
22290
31561
5351
5433
30698
31551
5397
13017
8939
3230
1014
5307
8355
30639
11038
29773
18828
20597
23566
11149
8922
11033
5408
20627
18690
11041
5280
26623
5447
29754
17130
29677
31694
1132
3317
18735
26620
13031
5340
31588
12958
23560
20615
29774
8358
22265
8893
5393
15924
5314
5357
3210
5349
18669
33176
990
20561
20674
31582
1010
8978
15951
1048
3269
11163
18794
22223
31606
1026
5359
30622
5418
15944
11119
17003
18764
22262
16962
5430
3326
31621
17065
20678
11147
31643
1100
20585
8961
5384
31622
13100
15680
3233
20684
29651
15918
3168
20660
18755
31635
30624
11084
8916
20555
31608
17134
11085
3303
12963
5441
15949
1816
20601
11046
20653
11110
31567
5294
26562
6012
17128
20670
11713
11083
18713
18712
31679
22233
5402
20696
5298
18687
15960
989
1050
3296
18750
5316
20681
30700
33440
6571
15726
19373
12066
33459
33449
8839
17685
21956
85
19384
24925
25068
15377
24944
27613
55
27726
24930
6618
31011
6552
28049
6585
15351
66
27727
6547
19790
19460
15452
24950
6469
5225
17702
6570
6525
3351
6531
15446
15448
19478
19782
33433
10033
24965
11
24931
24917
19789
23576
8790
113
5253
93
8875
6594
6573
15466
12059
33420
19435
17730
17676
3450
28048
17653
25089
25012
3363
15354
15516
5172
15415
5239
5185
17677
33429
33428
24912
89
8877
17640
24963
8172
17690
15384
6548
110
6459
24978
19405
6620
20505
15476
3420
20551
33477
5159
30993
15364
19479
24957
17488
6557
10027
19462
5935
3345
19484
31059
3395
17670
33404
3455
6576
6608
17669
8816
6484
8871
96
15370
6564
24946
15417
25805
30990
8802
17687
6487
25036
15411
6465
33489
3412
25009
5148
19386
8787
5247
25087
15430
11760
6582
21959
17642
30953
24971
5262
33441
33436
3385
19470
8795
31058
3370
33488
19422
3359
33416
15271
15323
13943
10237
23378
10229
15319
3042
25204
5712
10243
23464
13903
5653
15300
29452
31502
10247
15270
23520
23504
15263
10130
23460
13937
16864
29429
9987
10139
10693
15777
3905
25139
31878
10607
15347
29464
5697
31426
10121
31928
25225
31933
10158
16837
31222
9985
25126
31434
10084
31448
31526
29448
31852
15344
16845
31881
10198
10120
31522
15342
10650
21482
31436
5626
13948
10235
29377
16885
10089
23388
10597
10676
16862
10214
16871
15216
13879
25206
10118
10172
15212
19162
10190
25233
10141
10242
13664
31488
10175
23385
25249
15236
10624
10625
15260
31457
15228
31221
31226
5674
31433
13956
5637
9990
10221
10236
31481
13650
5623
31845
31529
31471
13888
23428
13665
10223
10621
29425
19157
10157
31493
15704
10064
9979
13851
13919
25107
13914
29392
31523
13963
31497
13979
10179
10191
15325
15310
31507
15328
8412
13918
10207
28012
2600
16742
2483
18567
4273
2584
16707
17624
32321
18647
16668
18593
8133
4282
24481
18582
16751
2549
14815
4308
16673
16757
16748
12192
2593
24417
16809
16701
18466
14800
16752
2487
7111
24464
18628
2496
18604
18519
2491
18473
30869
25820
32310
18517
18564
28644
18559
4270
18639
16689
24508
2518
20301
2539
7101
9950
18562
2586
7069
4361
10477
18590
18500
18607
18646
18599
25815
16677
2527
28609
18573
4292
24442
2471
18539
32276
18498
22070
18520
20284
24414
18505
16803
14761
4358
18459
18530
28697
14788
10489
9528
9523
10493
28643
30940
14701
18555
2572
7012
18542
28666
24482
14723
24504
28029
2595
10507
18493
19805
20296
7045
30878
9526
1792
24493
10523
24505
2565
22098
2513
16738
18619
24491
24479
22023
9600
18548
9527
18450
16679
20304
16692
9593
14704
10553
30900
18560
28009
16770
2571
30916
12205
18587
14780
18638
16811
1493
4324
24513
7032
6997
18649
9551
24445
18518
14798
7132
22055
7078
19703
10529
10522
16786
18512
30909
16793
18630
16718
30945
7010
20318
10552
24473
16800
18546
6021
16724
4354
4315
4633
11910
15106
17580
16458
4616
20258
13464
851
16377
16408
15181
13391
20235
9867
30550
4660
4658
4108
4638
4677
19067
20191
13381
19087
25314
8213
4639
13474
13406
27030
8284
30582
8214
16416
20233
4687
19063
13639
30505
15083
11930
9906
4058
8283
32119
15086
4644
4635
15090
13437
885
27857
23807
865
29790
15194
15190
32196
16373
30573
15140
15101
8242
27109
23845
4661
13392
11831
27022
25303
4650
11917
15172
13404
13409
19096
29830
9844
32102
15079
9845
11913
868
867
27098
4068
8272
13436
4610
4670
32186
8232
30506
32135
27053
25317
13451
948
8265
15168
11892
19026
8212
16450
15111
4063
4105
4641
15136
4625
11894
8142
30557
8237
32094
20205
30503
4685
4112
3987
32145
27820
23032
26238
7889
9111
16086
6136
6153
32446
1807
19810
32435
23080
26358
6065
28808
9130
23056
21009
6101
2320
28775
10316
28769
23008
250
21124
23989
32373
24009
30393
2436
29536
18336
10274
22994
32376
10016
28811
22986
30395
9019
2367
23103
6126
9028
26335
6130
10017
7881
10296
18436
9116
24053
16033
2371
7958
2418
2398
7943
26357
8027
29533
7907
28849
26250
26272
22973
6152
32377
23049
18305
32433
6082
28857
21656
249
29531
28783
30489
7891
9059
7997
28732
273
26361
18417
19686
10268
26338
28738
18225
32445
23029
28845
26310
18247
24103
28828
7887
6158
23081
18281
26302
28782
28788
18261
21013
32396
23090
28810
28813
8041
9022
2440
28786
26269
28868
23087
18433
2290
18316
22974
32402
28851
9007
33156
24076
18390
26325
21052
26351
24087
2284
16089
28807
281
10312
2396
18238
9125
23047
28745
26312
194
6095
269
18364
30416
6072
28795
18240
6077
2308
23092
2397
9117
23004
10303
30376
3930
21050
2303
32426
6175
2383
6191
28785
24101
1957
12612
10699
10794
7627
24660
31964
1952
24739
7628
2740
11794
1999
2734
7670
28516
6258
24675
24690
12683
10745
10711
24740
24691
1989
23646
2764
12688
10736
6255
10730
24724
31402
1941
31373
12703
15657
12708
2741
2778
10792
7594
31415
14985
12660
6287
10798
12654
1796
10759
2766
2755
10742
28564
1980
24664
24685
3974
1968
6241
25912
24709
12678
15651
7653
12721
7695
31961
6249
2744
2817
1991
10716
12692
15020
7591
31356
24677
2828
7596
24752
10767
12664
22300
17021
1060
13079
18663
11111
29689
1007
3279
8973
30646
5391
30714
1047
11101
19783
22268
30668
17125
29706
29766
18740
8991
23569
26531
1046
18752
11124
18691
29770
31641
8969
11042
16988
29768
29730
5419
20579
1039
22322
18768
3266
3177
8900
8407
30642
17047
30701
27767
1033
8896
22261
997
30667
17006
20645
22303
8929
22235
8398
1053
8377
11102
8337
10031
17038
3292
20568
1134
3249
8316
13045
13002
18679
12979
15947
8925
18818
8956
17058
5409
20600
1141
22294
5373
8341
16986
8971
3227
12994
17014
30625
15942
17122
20697
26542
3176
8972
3313
5268
3992
18702
3182
20592
30670
17039
5450
29728
20613
31607
18682
20651
5304
18788
3285
8365
8932
3197
17486
20625
17002
30631
22251
18803
8173
18694
3166
15945
17075
30682
11153
3200
29713
8985
23570
29676
17089
22231
991
31605
16975
3186
11066
1011
5337
18715
22204
2718
8701
29853
15712
27270
8613
21626
22134
14635
14606
14620
10338
27348
2659
4457
2615
12755
22123
33362
14668
14599
14574
22179
8191
12738
10405
4460
14634
15986
4432
10345
10362
21759
12752
21809
15983
8748
21623
22125
12811
33161
7385
12734
8614
15966
7420
11839
8632
15984
7294
11847
7288
21788
12806
10321
21821
7423
4406
8649
14628
10357
8651
2660
15975
25613
14625
27758
12822
1334
14647
10352
12803
4386
2721
12785
27256
2665
2697
14613
2654
14655
18080
8634
2673
25631
12749
1367
8678
8620
8689
33306
27294
4382
12819
4371
11843
27264
18142
19776
18071
7373
4467
27295
1471
4410
2696
2648
7289
12793
7307
2661
27285
16007
2714
2709
15716
25609
4454
4377
8654
8671
12817
10360
16014
8609
8606
24810
4526
23708
17198
23647
4510
17188
17171
12165
17157
26645
20395
18029
3521
17972
4561
9409
6693
20413
20397
4511
23693
11962
26627
19796
6709
12161
12113
26739
4587
3512
32896
26738
26686
26685
20357
17145
33246
23743
32892
14249
6705
4540
14343
31263
17138
3480
30103
26655
20398
17166
30129
32968
4533
293
4549
303
20399
32874
17193
4489
26628
9440
20402
6640
20403
30071
27848
23696
23715
17959
6692
12163
9970
18001
8096
20348
32897
20408
17149
333
17985
3503
28927
24766
26682
28963
32866
26639
14318
3501
4545
13724
26690
32969
24769
816
9658
9618
17801
15837
31080
29249
26838
29121
25512
31168
2202
2187
29144
830
31203
33177
17799
25582
31143
25471
17770
715
17733
25431
743
25399
21187
29146
31094
17757
4829
9917
26818
22564
26763
17849
9647
9622
25568
22585
31133
25487
9610
17774
17807
31170
22620
31179
26811
29125
17749
9723
22574
9695
25540
31173
15816
25551
25485
9657
1818
723
19903
31134
26822
21200
15842
21678
25560
22603
1820
719
721
19923
4739
728
31166
17805
31198
25474
779
819
2245
9615
15824
21166
26825
31110
9641
31196
730
17836
23567
29139
15834
21686
679
25863
4698
25465
25516
790
727
29244
766
29195
25408
29231
752
2246
17610
17822
17828
17778
9708
25498
21163
31125
29152
784
19850
21135
25388
25496
668
26774
1814
15673
665
29204
11715
29525
17613
26773
17748
22639
25424
25870
15822
9712
25579
31084
17847
17820
31182
9642
16513
23296
33043
12832
24385
2947
7494
14404
1201
16516
16638
14421
23280
23308
33119
16502
16586
33111
7503
12898
26187
12890
7535
2838
14375
33055
25791
8510
30728
10815
20123
12880
16493
23321
1153
33008
23356
30747
24311
26200
12851
21716
2943
20124
14447
29040
32981
32983
8565
2910
33091
12942
2925
33127
10867
1327
30730
15763
24323
10921
23227
16568
1300
23357
7453
1167
25787
14383
10901
20088
33010
14433
16609
12862
24365
12939
20113
23329
14358
10862
12909
7499
2969
29502
2991
12838
14455
13673
26189
26202
16498
12885
1185
12937
1151
16601
12857
23245
23286
7545
16614
7475
26229
1150
23222
8604
8543
29016
32979
7531
12891
1193
1190
12853
24335
13674
23348
26177
10903
33102
20082
1189
2901
23337
24281
33046
15784
29031
33098
1149
10811
7436
23346
1261
1164
26181
16613
24389
24410
12919
14416
23230
23323
16589
12889
24362
16538
7541
12883
7470
16587
16626
14397
33094
7513
33052
29038
12943
2841
12843
12945
26224
1239
24366
33081
10805
1194
29044
1223
4003
1302
24293
23327
7451
23332
2899
24402
2998
15766
1858
7525
7533
11735
26232
24404
33136
10824
12836
23234
33087
1284
16043
10288
6116
11836
24104
7904
224
30463
279
24010
32434
9054
8025
2390
23664
18393
26270
24054
23915
21015
7925
24085
2409
2361
9015
18327
28822
23011
2337
16028
9126
8010
10301
30429
32406
23893
32368
32380
23040
32418
18250
18228
23963
16053
23088
236
261
16090
23070
24066
235
7974
173
24038
28806
280
23909
16073
32428
2277
6083
229
7988
9060
30445
9959
23988
28780
16149
28809
21105
200
212
9956
18409
24075
9134
23994
21047
23901
27750
30400
18362
136
31338
23073
10276
32417
28814
23913
3985
23028
9076
10304
23013
18370
21025
23938
8008
211
16062
9040
22997
174
18256
18442
6114
2359
22956
30487
30449
260
8001
24014
2358
18346
16133
9097
18328
24079
32393
9118
223
32360
23939
21106
9128
6106
24077
208
8021
18309
185
20987
1784
9114
2404
9115
29564
6094
9124
10314
30398
23016
9144
26266
9006
5962
7965
21121
22966
7940
29570
3990
21090
21002
9078
28869
30476
2282
32421
24078
15035
12717
6210
1943
27398
27452
8105
12645
32079
2815
27470
7599
27456
6208
27818
28503
6204
27413
14998
2820
1997
32020
27461
12685
2005
10707
12651
31988
28604
27391
7587
12681
10733
6239
10763
2001
24749
27407
27410
28530
7640
31339
6201
12613
27393
1919
27383
12662
12699
7685
12711
12707
28585
27419
7675
31982
6220
27448
27355
7686
8104
15019
6250
27409
12693
15025
8109
27425
10737
10743
12670
6209
3928
1937
12719
7642
13618
27414
28600
24710
14991
27405
7615
12609
12691
6252
12631
1992
28522
6262
12653
1916
28583
6238
27824
27392
28511
7655
6559
8854
8812
15357
25043
6474
7
3402
21947
24953
33446
6513
15441
31034
20456
17693
25092
19403
31300
8784
5195
8843
30964
31008
25018
5243
27686
28047
31068
25001
5117
29597
8193
17668
31060
5193
15454
25014
24972
21942
6489
20433
27701
27678
6497
21953
8838
25025
8796
45
30977
24932
6617
31047
15482
20448
28
10
5165
25049
33391
15444
25099
31032
5259
15431
31026
20490
15413
19434
27635
30973
17719
22016
25059
33384
17667
99
15505
21929
19401
6498
17706
28052
19436
33390
31017
24920
5160
19468
21949
8831
8860
5151
17712
17696
19402
33437
5238
20441
24927
23657
6584
30996
8793
88
17655
5236
20547
20496
31077
8798
21957
15386
15404
25081
27691
20521
25034
33406
17657
64
8820
27650
25072
25057
6537
24922
27624
25061
27662
27614
8776
19798
24941
6485
25076
3368
25048
6566
5227
9969
3462
27724
22019
27623
3355
8848
30958
65
8846
27677
8809
49
6569
5248
30988
17572
6587
33468
6615
17660
27707
33442
8794
28039
15474
12037
19409
3425
25058
6504
27683
5224
5167
21950
24948
8824
24991
27700
25005
5181
27639
6535
3369
12032
22010
24958
8830
29
24997
25073
38
3436
17721
8098
20528
3474
30971
3330
8807
20517
6483
17679
3378
5115
17662
8861
27720
5147
5211
27685
8865
20498
12028
17701
21
17682
12030
27706
18
5214
24995
15425
24952
8866
3458
6589
6460
12035
6546
3411
27640
12022
31051
27695
27657
6610
97
31009
25843
24929
24907
23645
6568
28037
15656
15421
15493
8853
27618
8786
6452
24979
6522
17673
15432
8821
27651
25024
30999
27629
25079
15500
25047
3352
5188
6606
5191
27679
25040
30994
6036
3382
3473
25002
1224
33060
16602
14445
14409
1815
3969
8571
14405
33112
26173
16585
29065
13698
26215
10887
2921
24348
2860
1269
24314
24346
29097
26208
14435
1312
20173
24309
7478
1147
23328
23231
1273
16606
2862
32990
2908
1301
8593
24407
29107
29000
7430
26186
33021
24363
9913
8485
12933
25868
8534
1243
29527
12921
29067
23267
29060
24249
1267
1265
24382
1822
26209
20187
33072
29529
8560
16571
2997
7558
29020
1323
24347
12875
25869
8532
8596
12876
17618
1209
33118
1191
2883
24391
24295
29053
14388
1293
16527
1277
14419
24411
10879
24324
7446
24266
24315
1314
26207
1161
31317
10849
16616
8585
26223
29050
2872
7472
23361
10882
1280
26184
1174
10902
16623
16588
24376
32985
33123
24401
14398
1251
2951
24299
29055
20119
16564
16604
15671
20086
12929
23244
23226
14374
8484
20122
24287
7549
10918
26204
23958
18439
28730
24012
18429
32357
19712
26293
21112
166
28791
28755
9072
18400
18325
18378
252
28751
22990
28824
133
6140
10315
9068
10272
21024
18239
8011
2453
7980
8035
32382
16036
21076
2286
18437
7905
21059
23018
23006
30438
18262
2353
26327
6091
18244
30391
32363
33263
21091
23902
32361
7902
7900
18255
23941
2357
19710
6096
18348
18279
18343
8045
6138
18421
31332
18374
18226
7894
23957
18319
8023
23034
28848
2322
5972
205
18330
23095
2323
18406
18381
32407
30430
18246
18323
9099
210
18372
7912
6151
25765
18235
16084
21107
30458
6075
18407
22960
8037
24030
9084
28735
28749
18294
9014
26234
18410
23956
24072
32411
30383
21640
26265
18405
18443
30431
16055
6070
21108
32392
9057
18426
18335
6085
26239
28736
28829
9023
23688
18395
8036
7883
18411
23035
7915
6190
18341
26258
26306
31265
16041
9047
18408
30399
27839
6122
23023
17513
18297
18242
26367
23097
8009
22988
2325
23000
30462
26285
18357
24021
2314
18291
31275
18367
2427
7901
21040
10292
32378
30472
7914
18365
32450
10291
9031
16116
7923
22970
22971
21051
16111
10278
32436
23930
26368
21081
28880
7926
30382
191
26370
21017
26307
9008
32394
30410
26294
21110
21056
30432
21000
32448
23986
7951
26297
1888
16115
2407
21055
19778
28797
222
16071
24019
23044
16150
2302
243
21003
2435
22962
216
10313
161
21012
18412
24069
2305
21087
21072
10280
28796
127
20976
23987
30497
16105
23042
28881
124
16131
26344
21093
21038
22998
21065
30490
23043
24032
26346
2315
18385
152
30385
24003
21084
244
28861
2331
20990
259
30419
16093
24028
21006
21063
26356
2429
9083
21128
9070
30420
16130
31229
21120
16135
21078
21624
2298
25874
2454
30415
2394
23923
3950
30388
21102
26278
23038
26349
30418
18236
23026
16054
32397
7950
6178
25468
2186
19900
21216
26771
19859
23678
31176
2206
19840
738
3929
2213
31123
4726
13828
29224
22608
22591
21207
6301
21205
25423
19864
21154
22533
13771
29143
19905
29245
25414
9626
2195
13752
19879
2204
4773
29120
22536
25426
4804
25378
19897
19918
2176
19894
26756
15872
757
31121
2275
9624
808
22558
22489
13765
19885
2257
15733
26764
15865
22559
25446
22623
15879
25892
29242
25528
13800
29211
22609
29193
22590
29181
29532
2140
29209
4743
29221
31183
22495
22507
2219
4766
19822
19845
677
22621
21268
31120
9724
31202
29234
29155
29220
25510
2150
21136
29134
29218
29164
4822
13786
2161
19830
22613
9627
25548
2197
25383
19911
2260
2171
2174
15807
15825
21261
2211
22599
29207
31207
4835
22520
10051
818
29232
22544
26841
22488
21182
2267
2244
19836
9670
4723
29173
5978
4707
22516
19821
21264
15835
3247
8992
3190
8329
22289
17114
11089
30696
3234
8889
3158
26602
20632
17111
26570
29720
8948
1079
5346
20658
19717
29715
16999
9002
20565
22271
17080
20580
30595
30664
29682
22328
20640
11057
17133
31660
22267
3262
20662
20595
11086
18700
5296
11115
3220
26532
8890
15934
26515
8912
11723
16978
6039
20589
22248
16959
18747
8946
22254
1013
12952
30694
22234
26547
9000
15941
11150
11118
31645
3281
20704
986
29735
20577
11135
30676
13055
3273
31554
29642
19716
27798
12981
20633
23615
5411
15903
8940
11725
5421
8988
8918
30615
22269
8931
3311
3886
30587
11100
17044
3304
8338
8924
22314
8966
3181
20635
8982
16979
8914
30636
16985
30637
5401
12978
20573
1120
3242
8910
17119
17129
5270
15899
31613
18707
1069
8343
3272
1135
26615
8894
8998
1102
12972
3881
11116
17062
5300
18697
20623
1027
5322
8385
12634
1994
28573
12713
15648
24732
28542
15007
31363
15045
31342
2818
2782
31374
2783
11809
7657
10715
7652
7583
28515
14993
28590
13648
31412
1912
3900
15644
28570
7607
31388
12673
29554
2784
24757
1942
6264
1960
7605
7632
31372
2807
7694
15010
11810
10732
24722
15057
28551
31266
31422
15032
28580
15064
28550
24669
24748
11811
15647
12671
2748
31983
23552
6198
10750
10731
6203
2028
10801
27480
7602
27465
12614
32081
31391
27381
21758
4380
10364
5947
21798
22145
10393
21822
10439
4390
1389
25637
1410
21811
21789
33292
25701
21775
10326
1452
8695
7285
10376
12788
12768
10009
25661
21830
33361
18137
19809
18162
22178
1349
13722
12733
33138
10418
18119
8670
18104
1411
12727
4445
8674
27293
4438
29860
12794
7350
25677
2707
25668
22129
8747
18197
18169
21734
10008
25672
4388
19760
33326
33343
12739
1329
1355
27261
2704
4475
18195
4459
15976
25624
25739
33291
21746
29847
2616
4446
33309
7319
7321
15968
8714
18164
18132
12731
18199
12816
33367
15982
4423
29858
12781
21738
12813
25674
7327
16020
21803
8772
10342
18127
12799
8738
12808
33328
7362
12805
14617
10324
25602
27332
15663
18077
10398
22177
4408
11830
23659
8648
20480
33399
20455
27658
6532
10002
103
24924
60
20440
8827
6612
24955
32
6616
8881
6530
33414
20485
6503
17720
21967
8188
5184
6520
25093
46
19443
8883
25086
5258
6538
8849
8800
25060
5234
3409
33498
24983
6462
19377
19432
33381
100
6625
6454
6607
22017
21691
19486
15509
8825
19404
33251
33475
11764
19667
6623
27728
20451
27808
8841
24999
8833
25029
5226
58
28036
5216
27733
33382
8797
33253
22005
33481
17686
5129
31044
20522
5183
25027
11767
21945
6502
25098
28038
12029
21938
6592
31076
19421
21969
19453
19375
5198
22008
20464
8789
28035
6475
21692
33398
19380
6453
15394
5196
5116
19417
27625
33426
33
31000
8870
5121
17652
27698
52
31041
22000
8887
33476
15501
25097
24947
26
19449
22012
20511
6472
3353
21960
20523
24986
21990
5266
8879
20488
19426
31036
21937
33422
19428
20516
16424
20209
16464
19082
4066
11898
27080
9839
923
950
23828
13477
952
4611
25310
20230
16376
16448
31280
1834
929
18992
19036
32143
25311
942
29805
4039
11862
19701
11873
27010
16404
20190
25266
18994
922
873
20249
32191
8234
13402
27064
15174
4043
4035
11905
16395
29814
4669
15150
32084
894
16419
16409
947
20248
20193
13430
16455
1842
13417
27058
17501
25316
27860
20210
18986
27102
941
15137
4065
20198
27034
5929
11908
33189
15147
27059
13429
23803
20246
4074
16465
4061
1830
4662
16486
16405
846
19696
16459
926
19048
20251
4091
20265
20223
20195
32112
16439
4055
25284
15120
20216
15143
1838
25833
872
20237
7756
13596
17286
7832
17332
31762
4946
17233
19746
27217
17240
30365
4987
17314
9747
9823
17221
4890
30314
7709
8144
22656
30271
19620
22790
11257
7768
17289
31785
4983
20869
31710
13521
4899
4869
19503
30322
19497
20888
9767
27158
20934
4909
28221
7792
8145
7839
7842
28200
11193
28239
7764
31795
9738
3765
4881
9774
4886
7767
3861
4971
19506
27161
9782
22672
28204
21645
27198
7778
14844
20843
7801
17303
17255
20924
7865
7820
20960
3781
7854
7781
28206
28167
28300
7750
20867
30276
19516
17222
11834
19635
2043
3809
22654
4972
4926
2079
14964
17276
15691
17321
7770
11280
4970
17217
7802
28229
7858
19647
28181
4917
19534
14856
7783
22729
7833
17226
20835
28288
28276
19526
14936
19653
4985
17227
7712
20871
5959
20964
2082
19501
3851
14944
31705
27207
17584
31777
20855
27241
3701
28186
8149
19530
22666
20946
9754
3772
9805
17305
11189
9768
4942
14855
11251
31786
20885
17253
20972
3720
22738
22733
17246
30289
17213
14926
28233
14978
7312
15747
14649
22154
10344
21827
18094
2679
25710
21833
27260
27255
7349
7424
7296
2631
7351
7387
27346
22214
2668
22128
22172
1388
4444
1347
10424
10407
10431
4480
29610
27347
4407
16004
18126
12758
18086
22205
33364
27349
1385
2611
21783
18223
1454
4370
16022
27350
25675
2609
21757
27282
14693
25747
33378
21755
4411
4436
7331
27284
4421
16023
12797
25671
10440
18123
18140
4451
4368
7318
22192
21676
10435
16018
25651
18203
14603
7357
21733
22216
22200
1453
1424
14676
10381
7280
2694
33377
4449
12798
1472
22175
27269
27336
2677
33185
18124
27288
21748
14658
27257
14591
1450
10414
12756
1833
10423
14616
33279
27739
1840
21743
18206
24901
9446
9491
9490
17978
32860
20391
1881
14243
3523
14295
6659
20381
4509
11968
26730
9452
11958
14289
30128
17159
24780
30084
14269
23748
24900
26643
24836
23734
11977
1906
17958
30119
24787
3544
23705
24792
11942
30079
6681
4529
30089
9488
9928
4513
30088
23758
3529
28925
30130
12183
12004
11994
6675
24874
296
23765
9443
30090
3568
30098
32854
12089
32972
316
30083
5991
4490
23762
17971
24852
6706
4574
15695
32878
6662
3530
14241
26683
3547
32947
32911
29542
14334
30131
24789
14319
23751
26632
32970
11982
12012
32868
3555
24819
31284
9460
28898
32913
318
31288
3546
24794
3506
14237
6648
15699
28973
14263
24855
6646
367
321
12148
33239
24834
23745
30117
361
20938
25855
7817
2045
19626
7760
4957
19595
17547
3830
30315
3842
22692
13594
7809
22727
4884
4945
22779
4885
4850
9819
13531
17287
27188
4962
19495
20845
9826
3813
19650
19609
2110
4944
7776
27180
19547
2046
4931
22743
20929
7704
4878
3713
4887
7863
4960
9748
7878
27127
3783
17283
14867
3820
31721
22684
19674
6000
9803
22761
2063
17306
22771
22646
27227
4846
2071
7769
22748
3877
3821
3774
4844
31743
7728
23892
19680
19594
22786
19511
20939
4891
22682
3768
8088
31753
19613
9788
33202
15782
19631
17238
9760
19673
9753
22675
11286
7826
4977
19641
7829
3762
19649
31737
22724
13483
3776
20898
31783
4966
7729
31738
13609
14852
9813
30353
29510
7861
28294
31765
27187
19559
19493
4908
3717
21617
19529
30265
7856
22719
2101
22644
7711
7867
9758
4894
19571
19669
4961
30300
23888
7844
31781
3811
7772
9780
17215
22661
27176
30301
7784
2114
19580
19582
9778
19574
2088
3816
7794
7870
7782
27148
14882
31726
20852
4916
4856
20883
20899
4976
11748
13548
20958
19706
2056
9946
14981
4875
13604
13588
2039
8137
4990
4893
14924
30272
7716
7836
27132
17323
20967
13610
2086
27146
7876
9752
3709
17212
4993
22674
13516
2092
13488
14904
17257
13494
9781
14836
11287
11253
13534
11271
3749
14838
4910
31731
13599
27230
31799
27172
4874
11284
11288
2098
4907
27171
14887
20870
14875
9792
30278
27152
4922
31703
4953
19621
9812
13706
7710
3732
14956
9734
20854
20949
20904
27195
13556
2109
27209
17254
11200
3849
6022
19539
27138
27136
30277
14950
19535
14872
27156
27185
20903
7721
7727
19709
4947
17623
14943
27232
20853
3787
20970
15636
19655
11298
27779
11261
8138
30305
13568
11239
14976
14843
27186
28219
4842
13577
31766
13487
14901
19555
11225
17300
9797
4892
17326
4902
28197
4882
11201
30370
15634
9820
3736
27130
27140
7838
27224
27215
20884
9745
6026
14886
14853
11245
4879
30303
20920
31813
15778
2047
4851
23581
9736
20954
9954
27233
27126
27144
11228
9795
27242
13490
11302
17320
4963
7553
25780
24284
30733
7438
32991
7449
29111
29014
1326
16514
20128
7495
33061
23340
33115
29004
20131
2861
14471
1317
23326
20118
23264
33047
7534
12896
23251
24387
20164
10847
15709
24390
16610
10855
30739
2906
30761
7560
17532
29059
24300
24296
8114
7505
29062
16529
23298
2851
33132
10852
2907
33194
10860
8117
24349
8546
10889
30776
16633
24331
16583
24251
1264
33057
2887
20089
24394
12850
13658
1145
30834
21705
16605
33019
1233
10894
24379
7512
1216
12827
16544
33004
30799
16607
10831
26216
30759
16618
2984
30771
16521
23295
12922
2886
24274
30734
30843
12849
33067
20105
23261
30823
12905
29075
23254
25776
23246
30816
30725
24356
29061
14363
2877
23317
2888
12907
29064
10891
10006
25789
4235
26408
4195
11738
18979
29369
29983
14163
11487
11530
21292
5558
26149
26493
4164
4177
1747
4223
5474
22381
18945
11577
9292
11471
5469
29507
14147
29992
29360
4228
9365
4204
7136
4199
29346
4245
4185
4258
21384
26374
26091
7220
7226
7208
30009
31544
11563
9315
22339
29326
4242
17604
1673
30030
4149
4206
33271
5479
26065
4256
21359
9311
29333
14215
1736
11731
5476
21288
4218
31314
4233
7272
21439
22468
14143
26393
26414
9374
4207
5504
22453
5983
4002
31315
4255
4161
30013
1750
4162
14118
22409
7197
29995
29982
29290
11557
29311
4200
14162
26134
11546
30040
4167
14972
4854
2074
30341
31822
22657
11293
11281
2072
17309
2067
31713
30357
14948
30282
14959
14938
9744
20890
30270
31774
20948
17317
31746
11179
4974
4914
6051
2119
17324
22781
3786
9772
20933
7734
11241
22662
14915
17270
30331
3754
3866
28164
22671
3832
14879
14841
14873
11258
17301
13519
3796
22793
3710
4981
11204
11188
17251
20943
11297
9743
17216
22741
20907
9981
4896
13575
9786
17280
17307
4888
17223
20961
11252
30258
17341
11168
28210
22770
14941
1901
11207
14889
30309
30320
30297
31739
11268
17278
28254
30332
11264
30290
31736
11272
11742
4929
22647
9731
22678
13563
30356
13590
30338
11850
13538
20918
11273
17334
30285
30351
13580
20941
13502
11223
14864
9814
20963
4984
14861
6046
20841
17211
14921
11176
3795
14868
2129
3734
11178
11206
3801
8
6505
17695
15756
19481
31019
6597
21931
25056
5246
24926
3449
22018
25063
24993
25010
3432
6470
20486
17694
20540
25038
57
12040
24919
12017
24968
21989
5998
98
15475
20507
21986
24973
6009
5123
33385
33380
17715
15
21930
33204
25004
19467
19448
19411
24975
3876
20527
3383
19378
31027
23589
17697
31046
33394
33497
24954
33389
20493
3446
19372
25082
11773
3381
23683
19389
3443
15752
5194
21995
33493
25859
21981
31330
29514
21948
19420
3356
21954
6457
8857
33465
33486
12052
21993
3392
19469
12053
17718
20459
33474
15412
20461
20443
3396
17716
6529
19392
31024
20544
20437
19459
15385
19414
7273
5594
3879
22359
14146
29988
22441
1695
5551
14113
26483
9317
22444
22332
13300
5567
29989
1633
26375
9278
21365
7217
11583
7181
22484
9300
22486
5593
21344
30004
9355
6043
5565
26161
21343
1642
4184
29985
21444
26162
5502
29316
1766
7166
14226
1630
9297
29349
21342
22361
1622
9287
9307
7164
26118
22394
7243
21402
5529
14195
11554
29997
13278
11600
29264
18839
9351
30001
11722
7224
9375
11504
9403
1681
9296
9282
13349
1709
8055
29324
23613
26117
29292
1769
14150
4215
22374
9272
11522
9280
14119
22334
1712
1761
13368
14194
7253
5463
21431
13259
29337
21726
18906
7138
22428
26114
1614
14187
21725
31335
11719
26129
14170
9395
9270
11587
9404
11484
7167
18872
21330
5543
1703
9285
29285
18879
5581
11573
22459
14097
5451
14171
29352
13323
1686
29354
13279
26064
9392
5519
14196
4203
21328
1607
5477
22396
1666
9378
1759
26496
18973
26096
14164
13359
7249
13291
26457
22383
21449
11570
31810
22710
19589
11266
29587
31744
4982
13555
2135
13535
20968
31213
31720
28268
27249
3744
2132
19508
9800
3707
13552
4912
3831
4939
13520
4933
31722
2053
28191
11308
2096
7705
22755
31767
3793
4994
3859
4964
9789
9807
14888
9771
27861
13511
19643
11197
13605
14919
13564
13550
13562
4978
2044
3735
28231
31752
14954
3822
29586
2042
13574
3818
20891
19575
28182
31733
31789
9776
2131
20919
17258
22660
11210
27240
22709
3797
2134
19627
31214
31755
33252
11173
11260
13589
2115
31717
31820
11304
27239
11202
27181
1862
3706
4900
13497
28274
27194
3794
7763
3715
20900
22649
19618
14949
2125
2058
4871
3833
28234
4880
31814
28212
13625
3867
14929
28264
27149
31779
22690
3738
7697
7699
27228
22670
3828
31701
31787
3716
27197
13573
3858
13547
27177
27182
9729
3814
9816
27139
31716
2048
27199
3722
11199
31759
31757
7747
17329
2126
9798
22693
29585
3761
11174
14933
14906
30259
13584
22689
28238
22707
11240
28282
28277
3727
27213
28241
7641
7665
6261
12642
27422
7679
7690
1974
27454
28517
6285
31987
12674
29579
15017
7638
1995
27375
2016
27376
12633
32035
32037
2772
1977
7564
24656
31409
31394
12689
28553
7681
7614
31404
10266
28557
10258
6199
29577
7666
12680
32060
15041
24661
1930
24708
27477
24719
6226
12646
7668
14983
7618
1955
6214
1915
27362
27384
12602
12644
12618
2770
12690
6205
6227
12629
2814
6267
7606
2006
15053
31379
2004
28541
28592
2023
6231
10265
1770
10253
1925
27478
14982
2022
29574
10726
7636
24754
7667
3880
1950
6243
24652
29572
7672
27800
31349
28603
6265
27378
24733
32031
31360
10788
28538
24692
22541
726
4012
2178
13783
2205
805
2165
2142
29194
767
4696
17752
22619
712
2218
688
29593
824
733
29158
29184
2251
17755
15633
29182
4792
825
19827
710
664
31172
660
2163
2261
744
698
732
9944
746
2214
29229
17808
31138
2225
31118
750
17788
741
2167
13707
674
29127
1788
21250
2151
9655
29236
19867
810
17823
17809
29122
17621
19866
17750
709
17742
29219
19842
13757
2173
21156
654
820
26777
31167
19814
15874
2250
759
15788
9614
15632
25419
22607
22522
22578
9661
17848
761
694
817
675
31155
803
29198
26757
17769
4693
17842
13762
29233
669
13812
17794
19857
15873
19824
770
25459
791
2272
9625
15844
772
29335
9349
5452
1768
26067
29974
21313
18833
1690
22329
29986
22340
7142
26105
29977
29261
18937
21411
1723
11520
7145
1765
11469
26397
11543
15653
18834
5480
27851
1700
1749
11501
9313
11517
26379
7255
31536
29283
18924
21432
22461
26395
26508
14104
7271
7247
30049
29286
11491
26066
21366
21299
26430
4173
4189
7182
21417
14122
18866
21316
7178
14214
26434
26497
1611
18909
5557
31546
26141
27845
26502
7157
5575
5533
18982
29971
22347
26152
26488
21353
4217
11576
9267
14204
5516
9330
9391
18985
11548
11574
7190
9306
5462
11595
26086
26431
11489
11482
26073
26477
14209
4186
21282
7137
29312
7185
14224
11474
26412
9314
25846
1740
18943
11541
11486
4216
21381
14217
30034
26509
18923
1641
13244
26427
21283
11588
16445
16474
11927
33164
25308
32161
15715
33162
11889
27032
15108
25332
25371
27114
30554
30544
8240
4095
25300
15130
25354
8243
4050
25306
20222
32169
8239
11928
15123
8280
19001
25281
15139
32206
32140
4663
25360
9885
16397
23835
25376
25315
8258
15200
9851
25335
33168
15714
11911
931
8259
27754
8247
9890
30519
4078
8257
11939
16400
8261
29833
20271
11915
27105
4049
30565
25318
32095
27040
25333
27119
19008
8289
25319
30531
30541
20257
15093
15118
32106
8268
25342
27028
30555
20206
8157
848
30525
19051
4026
25294
19072
13403
25355
19054
15104
19099
13413
15134
32172
13422
20211
15167
29834
19030
32162
20214
4097
27071
27117
25911
16387
15078
32105
25299
13439
27031
15176
32158
15187
27020
32103
7660
12622
1934
27437
32015
10756
10784
28529
6221
7593
31377
7581
2739
6273
27457
14987
2749
28574
32019
6247
28505
27365
31389
33255
6232
6233
6257
14996
1975
28546
10701
2762
2032
6224
11766
28552
14986
12663
32001
27411
31405
31341
15023
1986
10718
31217
6253
20064
2825
15063
7586
28513
12679
15065
31418
2758
27372
10256
28523
8189
3913
31978
2802
7624
1996
1959
12701
11769
27371
2808
1967
10786
31425
10778
2781
31368
10725
12620
2002
2025
7634
11770
6281
27467
1953
2733
10717
31397
1947
2033
6254
12617
12647
33273
2809
13565
31706
19507
30343
3742
9793
11171
7713
19502
3763
13578
30362
13526
2083
20901
22753
27189
30317
3996
1846
4001
2070
22742
30329
13545
11238
19608
14942
5933
3757
31770
19551
17290
30313
3750
17225
4905
3714
30310
31760
28163
19644
17268
20880
2097
14920
17337
2117
7790
13598
22681
31792
22728
19514
7749
13543
11185
28225
11198
3838
7815
3799
22730
27162
14851
7730
22789
14928
14898
31821
22652
22698
30255
3805
19584
17219
11220
20840
14958
3789
28299
30275
3993
7761
8169
20906
31730
7843
28269
31741
11291
17261
31712
30371
19629
11175
20947
22658
20858
27763
3788
31800
27204
11221
20955
14940
3775
30263
9824
14974
17243
19587
19492
9779
17265
4923
17313
13513
19542
27238
4857
17269
17288
20910
3785
3844
14848
13713
22667
7739
8175
3792
22765
19533
13593
22780
4863
4940
19583
2052
9794
3700
29618
31732
3790
5939
13484
22643
20931
22750
28188
19537
14858
7698
28180
28207
11755
22708
30326
3705
3704
11236
2104
17327
19628
20846
3997
20951
27128
17294
10050
7773
31719
11255
31329
30372
29613
7714
3766
27174
19605
2100
31711
30269
20973
4866
11187
11213
3863
22754
13597
11283
30291
27173
7807
28265
11267
7701
4980
11262
31725
2055
14902
3724
20874
14874
14975
4948
30262
22775
20833
14951
6855
19350
434
14491
22889
14522
16160
5033
6887
425
10924
28442
10990
33149
6966
6936
6061
476
5087
12424
8422
27593
16191
10958
14511
14571
17588
16175
5008
16260
19323
22795
15729
5031
514
10977
16219
12393
32469
22849
28438
12389
5048
5002
5065
394
5038
16258
19689
26025
12368
17596
22890
5035
22871
8444
5068
5040
16232
6873
6806
5072
22876
5102
478
16199
27531
21888
500
13621
486
19360
19338
21868
6861
1806
6921
27611
12320
11013
16261
14538
6875
22870
14529
5980
6843
33155
6917
5042
22935
21892
27519
23672
10946
406
23675
16229
428
27578
6892
19685
12283
27576
10947
12434
28478
32500
6898
475
4996
16214
14495
12408
19251
27487
496
12387
5085
438
16230
8421
411
12394
21865
19285
400
494
16251
5076
6934
16172
33153
16228
14527
6856
27577
6933
10994
6819
429
7023
18502
12245
9541
7108
1543
32233
7019
7034
24497
30918
18616
12235
22042
18458
32261
30849
10467
11756
16797
16734
15721
22031
7042
24440
7009
7007
2583
10025
2540
32281
16648
18501
12246
1501
24436
16682
14825
2482
28685
12272
14713
2608
14760
16705
1544
18457
4347
18595
10587
12276
7090
22104
18605
7130
14758
10511
22056
7002
18570
4300
32340
2526
17489
2582
10540
18533
7015
22091
20307
7075
30926
18572
1521
2528
30870
18643
16662
32258
8168
16725
24526
22046
18608
30950
28701
18581
14732
22033
6982
24485
2484
28713
12241
12250
21729
9516
2597
28014
9504
7028
7004
32337
32231
18469
28011
18453
16669
22097
1478
30872
12249
28669
12187
18515
12210
16723
18585
28627
16819
30850
18629
30906
12225
32277
14709
18550
18557
7051
10532
4306
17484
12198
18478
16659
12223
10513
18574
22111
16710
14734
1530
14762
1537
32271
10550
26409
22369
5485
21311
11476
21351
5527
26485
29549
5525
9291
18922
9346
7256
9358
18883
4174
4202
4214
7179
7261
26413
9295
26464
1662
4179
21352
26388
31535
7257
25876
14126
5583
21409
11472
10021
26451
7219
14115
14133
26407
26372
9402
4190
30050
30010
29288
4141
22462
22337
14148
31542
26159
1722
29981
21619
14190
4170
4230
9356
21333
14191
26112
31530
22372
4219
26470
26054
3951
22407
25872
26051
29308
29319
4265
4180
1670
26396
9327
18915
26101
14172
13294
26085
14199
22344
26132
29270
18976
4229
9294
23601
1640
22465
14186
26071
9341
18949
22439
29296
29980
22373
11477
5566
13335
13315
31539
18935
29978
22405
5589
26399
9382
29373
13328
29340
29313
26448
26165
22413
26047
21284
9323
26094
22412
21346
14117
13872
10194
29418
29378
31483
10595
23445
29498
15273
31501
23405
3027
3058
19223
29412
5665
13637
10159
3147
31438
23543
33218
25178
16935
15208
15235
31453
15220
15314
3059
25240
15338
25123
31839
25242
31890
29487
31462
21599
15294
33229
10085
16911
19163
3129
15334
13942
23550
19723
10246
13935
31861
3046
10200
19156
25152
19120
31525
23511
19219
3131
15279
10101
21459
10133
19239
31484
3119
21561
25209
31500
3020
21533
25231
19161
10187
19719
15249
23617
25216
15339
21572
10222
23449
21539
15291
10156
16905
29404
19164
16891
23450
25210
31857
21545
23535
16929
23509
31517
21470
21583
21577
3045
16948
31427
15283
23541
29405
23525
5657
16945
15296
21722
19160
19237
3014
25157
26705
9407
11999
15683
3552
15684
9415
32917
30106
23764
342
15688
20352
26680
12085
26672
30074
12094
11987
24793
17189
26630
3522
28947
24814
32935
3482
11972
3563
26708
12180
24775
17976
12072
12009
14341
9439
27852
6699
24859
23789
24817
9957
3566
24825
32907
14320
32887
20387
6630
14326
26746
20388
12000
24811
20418
4583
295
9459
14321
315
32908
17991
17202
9465
337
27751
32952
3515
28886
23755
301
322
9472
20349
6658
17969
6667
14335
6643
12120
20385
24799
17191
3519
387
28926
30132
20412
6694
366
17173
12106
12134
369
17182
24765
9418
20404
23713
26711
32862
6685
375
26651
12164
23761
12100
3984
24823
23757
25795
3570
26662
23760
345
23698
9467
3567
11981
32943
14347
26723
12108
9462
32904
344
12146
23784
30076
24805
9449
23699
9429
9441
4553
9485
6712
327
26743
26699
4018
176
23925
32414
4022
18272
2312
23904
9110
28752
6146
32455
23968
28842
165
5942
253
24049
32424
18321
32381
33212
32442
24027
23051
18329
16109
126
16082
33214
9010
26337
9133
28746
16119
32404
26305
6078
233
135
18264
28864
10293
22992
2408
18248
24022
2379
6068
21714
28764
28859
21036
23046
21111
24034
21018
6134
18317
18379
5945
6132
16129
23066
2293
7987
28728
23908
23922
32422
30493
26329
30417
24026
22996
24056
24005
23998
32437
30373
7927
25811
32390
11757
239
16120
28741
178
2433
26282
24100
32367
32431
32403
21064
28739
18376
5941
21011
18276
22977
150
9053
2340
2412
30392
23990
31219
10270
6183
33207
9135
7936
23045
6193
2406
32409
16148
2438
6141
18274
23969
32366
28804
10289
6165
2333
22985
18414
32444
18392
9018
2384
18444
18322
24057
30408
30386
23935
2374
22993
2422
33209
20984
23054
27765
23932
2450
32415
23037
27764
21069
30464
23059
32358
7994
24083
19038
16388
858
19040
25372
32110
30543
917
19000
8217
16483
901
16460
16489
19027
25370
27112
8249
4027
8274
4605
13371
11897
29839
32153
25803
859
27024
23819
29807
11754
13398
19093
19018
32137
32192
19044
27023
30581
25277
13390
4643
29820
29816
32165
11903
8282
16399
18993
25324
919
27067
4649
8246
23855
19784
8262
930
916
16427
32117
25290
25806
23796
32132
32207
23794
16469
32138
25280
19788
4686
16391
25270
27072
11882
11916
25288
13711
918
19046
27013
25364
11878
4594
19075
27074
32107
29829
32087
13378
29809
29818
16438
25802
8270
25340
11938
19098
16433
4591
30559
16412
22434
22366
14132
11585
29344
9284
11571
13299
11535
11497
7210
13304
13363
15737
9367
9348
30053
29304
9353
31208
18845
11521
29996
29342
22464
11465
4156
1661
11572
22400
1668
21287
22346
21363
22475
4208
21420
11550
9396
14192
7201
5509
9337
18941
18889
9388
11462
22384
1811
13267
5560
18849
21454
26148
4210
14221
13246
13337
29334
11783
26169
13336
7239
14220
26511
26151
14127
13241
4212
22367
5591
14201
4147
4144
21447
13260
13258
13366
13616
21367
13312
22429
26136
13369
29256
5460
27819
21375
5982
30024
22460
1627
29355
18913
29534
22438
7252
3922
18858
5521
30015
21392
29265
14139
21296
30045
11593
9369
22470
9361
31548
21433
18901
11591
21349
13240
26420
22416
29371
18946
29276
5553
26147
22476
22450
29317
29363
29314
14130
7259
14094
17854
9275
29295
14114
26168
22354
3925
29341
21355
9371
11538
30039
14106
4166
18925
14105
29367
11519
21290
22449
13305
26411
22401
13619
13321
11510
18891
4154
13273
14131
22343
29530
21657
11483
29327
18952
11568
22455
4160
13284
13252
9342
21441
21658
1664
21396
22437
13276
9359
18870
21428
29298
7244
22112
8060
32332
1495
28687
14807
9538
16737
10526
14793
20274
22043
22049
7134
30895
9561
16645
2580
18488
2523
10555
14710
28682
7091
32220
30866
10556
9505
23633
30944
4356
9576
10531
24471
30875
7109
25788
4291
32219
9550
9549
32322
18492
2529
16777
10554
18452
16733
18549
7121
11736
2486
22090
16760
16745
31309
2598
32327
16654
30865
2525
1513
9509
2474
9522
10509
22054
32236
9537
18535
18541
20291
9558
30885
9559
2511
6063
10469
4316
2588
30905
20294
32241
32215
4357
9568
1492
22066
9583
22117
18497
22038
9607
24514
10572
18568
10580
18603
22100
2566
9592
6993
1507
10520
30861
24449
10486
10539
16735
16822
18509
1564
32294
1562
22061
9503
14752
30904
2517
4280
4006
18531
22107
30915
6999
4004
18483
9582
25783
32266
10567
16795
16801
1540
31310
2168
19817
707
9643
22542
19901
21146
717
25593
25472
2243
19871
666
9623
676
25407
25556
19917
31161
22498
2149
21243
9637
15787
747
15846
22632
13775
15817
15877
17763
25522
1843
2153
29150
15878
3890
25448
687
797
9609
9696
22626
19695
9717
29212
685
17789
25537
2191
724
696
2253
686
29214
21223
22545
25506
17776
711
29237
17772
796
21244
21183
19884
29142
9691
19913
17781
2166
25477
25479
21253
22518
19906
9720
9608
4706
19899
21245
15831
2160
25416
9684
17825
702
29117
782
15839
31177
776
15845
9629
9635
725
17802
13839
17831
29197
9678
22512
21270
21256
4713
19887
22515
2188
21145
29138
26835
21273
22539
781
21251
31092
25558
13813
31154
17792
13808
21279
31304
31112
29126
21176
749
19844
17845
29190
13691
31119
31157
17806
25396
4810
4769
31191
2154
13840
4758
4738
13807
815
13780
15805
4819
2157
2196
4727
21179
17791
19916
29177
17740
31184
13816
22565
813
659
22524
15819
29235
19834
2143
25533
29130
29140
792
31174
8074
788
19856
19813
25514
673
13836
19676
2169
31081
19843
25495
22502
22604
4724
13824
19895
1800
31096
13687
25443
9613
799
2194
21278
31192
19681
13785
806
25542
13778
21233
21239
17636
31082
4740
15853
15871
21615
785
21210
2156
4736
29151
765
25590
19820
15875
737
17734
22521
13689
708
31142
31132
31156
4756
19875
21134
756
13847
4749
8075
29141
692
25857
29167
31106
4768
716
31140
17766
13801
9649
25547
26817
4791
13803
25461
13753
706
4754
17821
2159
25389
13751
31130
25404
13805
809
31306
4808
24308
30839
29092
24355
8539
8602
1182
7550
24297
8603
24370
23299
14371
29029
33026
14420
7485
1255
24364
2977
20154
29099
30746
33232
30844
8481
7429
8587
2987
29566
20126
8598
10864
8563
30786
7515
10900
2918
4268
20161
7432
1328
29019
2922
1258
14464
1179
30741
2859
2962
10846
28995
14423
16494
31236
1290
30811
33040
17581
2873
10857
1249
2936
28994
23300
8150
24405
14400
1307
14436
7539
23665
2946
33092
7556
23368
1316
14382
28977
1781
12833
29087
33064
10873
30748
2942
2944
2905
23309
10922
10917
20132
1250
20090
2923
2845
23269
20167
29012
33107
14422
14462
30740
2864
28981
24269
23339
12920
16524
10877
1782
10915
24268
21643
8498
1213
1235
10904
28996
2961
23315
24294
8580
10832
29032
23349
8493
23366
33235
2957
23255
30837
33048
12924
32986
1281
10829
23220
1298
1155
7540
29105
10881
2938
2893
2996
4401
2698
12745
21834
1369
7281
14600
12748
1463
25666
8753
33248
1413
8100
14694
18091
17571
1405
7377
33304
33348
1459
22187
18204
12815
14608
22155
18103
18074
21824
7322
15652
2672
18193
14624
4412
2663
10421
1391
4474
7298
4373
4468
27849
15974
2725
18168
18216
1439
7295
18096
1341
8691
4366
8702
25751
15972
18151
21825
27353
23650
12779
16016
18184
8711
10387
27279
2680
22215
3979
10397
27304
12786
27328
4416
21739
14573
18170
12812
27312
18211
27333
14596
15991
14665
18207
27253
16011
33284
7274
10425
4456
16025
7358
2651
10394
1387
7426
2644
10346
7404
2686
14623
33359
15971
7293
8643
18185
27316
4399
14684
10395
14667
14583
21742
22186
27354
1343
2642
21754
27322
18114
10443
14644
27343
1415
16006
19801
7365
21829
8626
7375
12795
4439
21823
21766
18180
7428
4415
1448
21807
15783
14646
14629
6030
18085
25726
7409
21769
10402
21805
9968
6029
4440
33374
8677
14648
4437
7406
14656
8707
30577
27005
4627
4060
13632
4115
32178
11863
27029
16452
4037
4100
4631
9895
8263
6045
27045
23851
27014
18998
13433
32190
27009
4126
4138
33220
19032
27793
4052
23608
11886
11879
25363
27073
4103
4597
27033
4096
30540
4140
23811
1774
19021
32118
13410
19019
4051
32200
23831
15758
11902
3885
8252
27018
4671
30561
8227
11871
30530
27035
30522
4675
30499
25351
30570
30567
13386
29844
27795
4646
23826
4598
33221
4089
29800
25265
23610
6040
13425
25358
19720
13635
4029
862
11720
11724
13634
9884
32173
23844
32149
32096
23852
8229
30564
27116
27091
31248
15178
23815
4069
4062
4617
27104
13394
13631
4667
23850
8221
32090
4032
27796
8210
13427
11924
25283
20236
4615
27096
27049
23812
13435
23814
20267
19725
29796
4632
20218
9879
4040
30527
27042
19077
22089
16686
14809
25890
10490
20342
14804
20310
14821
15735
22067
18600
12277
12185
30848
12213
28016
12233
1480
6985
10516
10502
6976
18579
7011
2465
10504
30952
14738
14717
1804
16728
14745
10454
12232
10474
7041
32317
16714
16651
4287
16787
7046
1528
14706
10506
4285
24467
7070
17592
1809
4019
18632
10562
1490
2492
3921
7068
14749
28678
10479
30924
28025
28031
1525
12208
10563
1549
22087
7031
32223
1599
22032
1482
10465
18553
12268
1597
1515
7119
14768
10586
10478
12267
22105
22094
18477
24478
1556
32351
30932
12196
24519
18536
7036
14792
1533
7123
28676
16802
32314
16694
17591
12259
12199
10464
14779
10533
32312
6984
24437
14697
22102
14728
10576
24465
30949
18554
24499
14822
1489
2601
16675
10452
2599
1591
14805
28688
9506
12258
27821
1577
28680
16721
14789
8106
2501
2355
9113
9052
170
6167
271
30439
23086
28856
151
9027
16124
8062
157
16122
10283
18344
9137
17605
16030
9079
238
9037
16056
9140
23027
30460
2306
201
2386
9086
24102
2443
24096
18278
242
164
10307
7952
30474
23981
18432
8020
26237
247
30475
23945
28867
18388
9123
6073
9127
16117
2373
23634
10309
18396
9050
18233
1856
18331
195
9119
6069
16029
9043
23898
18398
4007
23992
8007
7995
29508
9081
9051
23936
6144
22979
9100
24098
9103
16087
2401
10284
2281
2430
9026
32432
128
28841
16037
30401
7963
30378
18382
30394
2342
230
30498
2426
16031
23010
9093
32451
10282
9074
23093
9095
23952
32429
6104
6187
2363
2424
270
16151
23903
30433
2350
6142
7933
19751
7922
18318
11732
18295
232
26281
24016
9145
17597
32447
7939
28376
32800
19999
20057
11604
32826
11705
24599
32807
605
652
32819
14017
32763
24579
11698
16269
27908
1861
31331
548
16348
11675
24645
641
23882
32799
29908
28326
16316
610
11679
614
6765
13134
24639
579
28395
11691
16285
13233
622
32817
19954
32823
28391
32745
24650
32748
24647
14077
11669
29871
33276
549
6774
16310
13194
13155
14088
6745
24535
28399
611
28315
16328
6775
27980
613
24549
16327
14068
28362
32735
16267
32828
13151
24570
24541
16306
554
13133
16339
20797
28336
517
11652
32734
11634
28325
11640
32822
27948
16312
32753
11737
11622
14027
32774
598
19754
13229
535
11701
16311
577
32718
13236
27890
25792
29878
13222
32709
16313
16283
26765
29174
21196
25847
17795
15796
15851
26751
697
15813
25578
21248
22589
9668
4709
21220
31088
22526
29153
29123
15870
25405
22553
2273
9721
15847
15820
22625
25422
9644
25529
29148
21152
15818
9706
22551
22602
26796
4732
25574
17785
22504
31093
15829
22532
23644
2145
17835
17793
2200
22519
9697
22493
26789
13748
2201
22491
9651
25521
6062
22583
25501
31259
25538
29196
15827
17768
15848
9688
17846
31114
25503
771
2215
21162
22561
26809
9725
4692
2226
9654
25492
9646
21262
26784
17578
2162
22523
26812
13823
17843
657
26792
21260
26778
25453
821
15850
9702
17841
26795
29169
4801
21246
2164
2147
7165
29553
30021
26410
22378
11560
11539
14212
29353
14112
14200
11561
7155
1655
14168
7170
26068
1754
18854
29991
11549
21291
4226
29990
23553
7233
4181
26498
4262
5970
4209
1731
13645
26484
18856
1638
5468
4224
26468
18972
4234
26446
22404
14157
14116
22402
29999
14225
18914
13274
29357
11513
13239
7199
1751
26042
26479
30047
4237
5535
14216
27844
21448
21371
26503
11499
18885
14101
1619
14213
13263
26131
22358
11555
7228
13303
26437
4143
14174
1697
1716
13348
26482
1717
5573
18873
29330
29309
18905
26441
29266
26501
30048
13370
29301
5574
26466
23555
14176
29350
14166
14210
13286
26135
4211
4250
26491
1734
13345
14184
22419
26480
26061
29257
11524
1720
26460
29972
11512
30017
21348
5548
11592
1674
21440
7230
1612
22472
26445
11464
21385
14152
26474
22467
22390
22447
30031
29351
29274
14120
11578
26475
22391
30046
22410
1696
26089
29297
26099
7209
1688
5455
26079
13356
30033
26450
18842
21339
1713
29366
22379
5467
27840
11598
22336
26429
5561
5487
4201
26439
9709
13796
22494
21217
22593
29205
21234
13848
31268
29241
29240
9719
742
29171
25476
25764
13844
2185
15812
25457
25434
22562
15795
9685
29191
25438
9662
22617
29119
29135
31186
21218
6303
13825
22560
15808
25392
2207
4797
29223
21185
13827
21226
13789
745
4765
31185
29180
15869
13804
739
9971
814
9701
15823
15866
9673
31095
13763
25421
21274
10044
9619
29227
31135
17739
4782
2155
9664
25425
4695
17754
31109
31193
22529
22595
21263
2209
22557
9681
691
25535
701
15882
13829
21192
25439
25500
777
25523
15790
21638
25488
21258
22577
25583
25447
15804
9722
13755
689
17760
25403
13795
15797
18289
9138
18354
21088
6090
16100
2287
18399
23036
16079
23622
18422
23997
8004
23074
24002
31281
18313
18234
16050
7892
9049
21116
19700
32370
19697
23015
30478
23096
9012
16137
23083
18286
7928
23619
16118
16072
16144
6162
18312
18339
30413
18373
21048
18387
16104
6107
16125
22961
16134
18430
141
18288
16039
28756
18420
18285
24094
16110
9105
30422
18391
18353
16095
23075
24000
7942
2441
30434
7970
18446
6109
2362
7896
18245
19699
2376
7913
18386
9098
7930
28787
23003
32384
22972
32413
7983
28875
24007
18350
18314
16061
18263
18371
6105
28765
28777
18252
23041
2324
18377
6112
18424
6182
24086
24061
241
28726
6081
18265
16145
18284
278
16035
18369
19698
16080
6161
23965
23954
23063
282
30457
23102
18428
32399
16123
18448
8017
21007
25836
23069
18253
24071
16077
28873
22959
8095
18383
30443
7945
20978
18227
2421
18232
16094
6173
6176
16083
23985
23071
18269
23905
8006
16049
23019
6127
23947
18326
186
18418
24033
18347
16141
32388
22957
7934
16076
256
28819
18298
7981
30442
3531
9414
30062
24899
26657
18055
18023
9476
17988
12073
19774
9493
6647
17980
14257
14251
24869
17208
33160
17187
4016
14340
6698
14313
3479
11996
18054
11848
26626
340
18002
12076
12130
32938
14296
6636
3483
32875
12143
1886
4487
32957
14312
15717
24844
23749
26677
17954
23604
25871
14327
14333
17957
14255
26676
4488
24903
3536
9479
6717
32870
23788
14297
24776
24877
6687
19779
26702
17990
14252
24891
3507
24824
14323
8155
18049
6697
28953
14266
32929
18024
18025
17181
24875
14240
14242
6661
18008
24779
17522
24816
32885
348
30111
12003
9470
14331
9606
2553
7105
24512
9499
30873
32235
2607
12251
28631
28650
18470
7038
16741
18617
30863
4341
21646
22086
28641
32323
16774
6980
28703
9923
28658
14797
18527
30853
2466
19806
7094
32264
28674
14754
32214
1584
2472
32342
14698
30930
8125
16820
9588
22036
28712
28634
15703
32352
28665
24463
32309
1499
7089
16720
9604
30908
2533
2516
20299
24457
10514
31327
1481
14829
7124
10480
9587
2605
10487
12188
10579
30941
12230
1498
10497
7083
20289
16729
14777
32295
15698
7112
9573
18634
4359
12261
28667
32326
16773
10524
9591
14803
14719
30880
10453
16708
28690
2505
30939
18485
14819
4325
10537
1566
1596
7100
32237
22027
12215
12200
16782
16660
16658
22073
9546
4297
7047
14826
30894
28618
30902
18538
7084
16810
14830
9514
12206
9556
18540
7062
18472
18491
18558
30862
30884
16696
7066
2532
2462
22040
14796
7127
24523
18455
17494
20285
32221
18597
4318
16558
1274
26221
24267
8582
7473
29091
20150
7459
23307
20075
23325
24372
23319
33023
20108
1206
25813
16574
24280
2971
2930
16621
24310
7469
30727
15635
33090
24329
1271
29070
24263
12837
1263
20156
1212
23351
9948
33032
7517
20094
30830
2926
2992
7457
1306
12947
7552
12903
7482
1303
12934
23318
8491
26225
7471
1231
1241
24327
20141
23365
29625
8487
7458
30815
1229
1176
30803
26175
14448
30833
1287
7443
31242
2884
1158
24333
20174
14407
14438
23282
25819
12879
16579
7496
33063
33170
31240
8542
2959
24301
7476
12829
16570
2970
24326
29005
12863
24396
20091
1278
30821
23334
33056
23324
20076
12881
1219
8545
12861
33066
1308
24252
1297
23345
1324
20101
24291
33022
8501
1214
12899
7529
24334
23250
17627
23270
23278
1276
32995
1790
29110
12948
1260
8573
12897
30806
12908
12895
23271
2956
1210
8547
23310
14386
8506
12840
2850
1188
20111
33103
7447
12910
20071
30780
23273
20096
16528
1299
1256
31334
30756
23350
16444
9891
32177
32126
953
32182
16477
4119
27094
20217
4135
896
27084
29799
13397
16446
15109
32179
25760
33266
8233
25339
19006
16386
27100
4589
19069
29813
857
9901
32122
27837
19034
9835
9881
8181
5968
27077
29791
29840
9904
30548
25287
15161
16402
886
15649
25301
32183
32213
9862
4629
29558
30517
25274
11893
20199
9977
20220
19071
27854
9870
911
29788
23821
27001
8253
19041
16478
15197
834
16381
15195
15089
23864
890
840
23836
32108
9841
1872
30512
8208
11888
15133
16426
20200
27016
16440
9852
27006
889
853
16407
29556
3896
15080
32083
30549
13646
20225
9902
27056
32104
9872
4111
4081
27038
19711
19076
32144
19033
16441
29846
32147
9898
33491
20477
15487
31064
15503
3447
15514
19391
17671
5235
15480
20468
8864
3362
17643
27661
15402
27694
33470
19457
20465
30961
33466
6450
3439
8805
28040
3467
5171
3338
34
20502
15400
12067
15381
6599
27632
20439
6593
15387
3463
31029
15447
33443
19394
8873
5144
20534
20508
5245
15445
8803
8869
15349
27634
19471
15768
15352
8806
33402
29509
19447
15471
8862
19424
5986
20494
5127
28051
33410
11729
19466
6521
28054
8783
21715
19396
6549
3465
19476
17729
6580
17661
6590
28056
15398
19490
121
17600
19750
15399
3435
31074
24945
19412
6567
25
15769
19437
15418
31053
28044
20425
6601
15489
8819
24951
25050
19473
3430
21717
6622
8779
19423
3464
31072
33397
80
6619
15405
3333
8822
117
8785
28046
3421
15403
8859
19400
17717
31049
19429
19483
19444
26127
31541
21704
4259
26456
21373
22385
9301
7191
26083
5540
21413
11511
7156
9304
26097
22356
7173
29260
13339
5579
8119
11494
11601
18969
29302
14198
21303
1694
1692
26416
4241
13283
9274
14153
21354
5490
7268
26404
26056
1705
11496
13322
30038
18881
22408
26095
26084
9386
21368
29255
18971
26088
1729
14211
21300
26383
26494
14128
22466
26160
18888
11547
22411
30058
21302
26138
26157
22487
29293
29973
30025
5539
13307
26098
30037
9316
26130
13333
21295
26150
26495
21380
11532
26392
14156
21321
4146
14183
13325
5541
26111
14218
5559
26455
13261
14175
26473
26432
18840
26048
18855
13297
11525
29998
13338
21436
26158
5470
21332
17851
26458
4172
26387
31220
5505
18899
11559
5576
21425
8118
14202
30002
26154
18861
5513
5464
26373
5587
18975
30028
1743
9319
29273
13282
22365
26389
14103
4168
26490
26428
14138
13740
22395
9308
30000
26070
26385
13243
1742
11485
30056
1613
22331
9354
13346
14124
1698
21308
29282
26499
14228
26115
1643
26406
26492
17297
30364
17259
19528
14952
9763
30286
21683
7818
9791
20942
11237
7742
19536
20911
9737
27211
17244
19512
8065
11711
3826
19562
17271
14846
8066
7798
19560
9802
17325
14977
22702
17293
17338
14968
22721
30257
11195
28198
22740
22784
28303
7722
7850
11194
20861
22763
30281
28199
17237
23891
7849
20912
28183
22756
4919
31756
14957
9757
28260
7746
17277
14854
31772
3966
9804
17250
14955
2068
31745
22758
9762
13558
11167
7758
29628
28255
13606
14903
9766
11290
15679
30299
22676
9746
27150
30250
27183
17304
3846
22725
19623
13537
28174
14910
20892
3771
19517
4903
3856
11249
17330
9765
31708
28224
3836
14937
7766
20962
23887
11233
28267
3843
11278
13608
31727
13591
3825
20848
4858
28178
14850
2133
11232
7799
9914
15681
28175
7726
19515
28172
27190
3733
9810
14922
19556
30366
9825
17262
19741
14832
27134
13603
20839
19636
19645
3703
11216
7869
27135
3752
11219
14881
19607
13536
27223
6019
17231
7857
11184
23890
19639
3800
14893
28216
14870
14923
30279
22751
30252
26433
9318
5537
4264
18835
9336
26463
13360
4158
9394
18860
4169
7242
18865
26390
19811
4194
26453
18957
22368
29278
26500
14129
21421
26481
26422
26400
21382
4196
22432
26419
4239
11551
21310
4225
29307
13250
25821
21408
29331
15637
26452
13352
4253
21340
21336
13701
22371
4246
26116
18911
29590
1679
11514
4159
13318
21369
4178
18920
4187
11479
14155
9945
22463
18978
21350
21610
9283
1786
4222
4148
1647
29306
21390
11565
26447
4198
26109
14145
30012
18843
9947
22454
26478
5568
26170
22445
22335
11515
11749
13248
26391
26505
1634
22452
26386
13272
14092
18960
7238
21312
22430
14108
29356
13364
26402
4249
1748
26119
14095
1635
29252
26435
26062
26415
18956
18967
21361
29325
22431
7236
4163
7151
23582
14203
21445
4257
14159
8134
4151
18898
14669
8694
1401
7347
22139
14677
25702
14612
1392
22180
8709
1460
8605
25697
8640
2646
22131
33336
27776
8639
21770
7410
7354
8646
2634
1371
15697
31292
7306
10436
25906
4400
10433
25687
14587
10351
25753
18101
1457
2715
25659
33311
4369
14610
18108
7314
27262
2632
2681
8124
22120
2666
2703
21764
25663
1414
7369
21793
14673
7291
22151
1434
29854
1403
25688
2724
12801
2656
7371
18059
10419
7386
22217
2688
1885
2647
22198
1406
7368
14675
10409
33319
25723
25741
14626
21813
8692
22165
7346
22140
33289
18097
8766
10322
8607
3936
4442
2628
1382
4464
11805
22182
25630
10401
1353
8683
7378
14580
8662
18068
1344
5989
7367
1430
8729
2667
14671
22142
7411
7359
8741
10404
8737
14689
7382
1375
8617
14653
8719
15996
25756
25750
12770
7389
22150
9932
8653
1879
22149
7342
7344
8739
12789
10371
33370
14584
14685
12763
6727
24601
27987
24576
24643
11661
28388
28310
32741
27960
28409
28323
24614
27951
6292
27930
27982
20818
27899
27869
11696
27977
27964
24591
520
24622
32720
24592
20828
20030
19960
24533
19959
24613
32812
27998
20000
24630
24581
649
27877
600
28308
606
27954
27968
20736
14053
27994
27937
29943
24586
27936
29876
24545
20002
21673
14078
28385
32723
24638
27878
11636
27926
20799
6796
27956
6293
24544
6802
643
27874
24580
24593
28414
27947
20754
632
27975
29609
27897
21674
27972
27993
16282
32838
25837
32766
6721
27872
28329
19966
631
24631
24607
11702
27893
24537
19946
20826
6776
20798
27938
27891
24648
24540
28368
27924
539
28393
32831
24558
24551
19974
27886
27920
24641
29895
24617
28318
20022
14087
27880
28000
16294
32740
29938
530
8099
17123
1143
17029
985
18661
1103
11097
15952
12959
29737
12993
15909
29519
29741
11159
30671
16966
1087
30610
22256
31629
8390
11039
3154
29650
29743
3276
18731
22321
17107
8350
18660
29649
9005
1112
22299
18793
8990
11798
5368
13003
20626
15900
31598
5449
29751
17106
8304
8320
15908
30722
17007
13047
20614
23642
20564
29767
22246
30650
31652
11088
22229
8399
8388
1104
11092
19802
29726
18678
20675
20700
8332
11075
8379
18674
11860
29668
17069
17037
8328
31677
22219
30721
5277
16964
20676
8953
20617
6034
22286
29654
11063
29639
31593
3239
17042
31675
999
31254
20654
1003
31692
22228
30601
19794
15906
8981
22311
17577
3161
22291
31661
1044
18655
3267
18706
29658
8364
12983
3975
11158
29733
3167
15912
13073
3209
16977
31579
8404
17000
30649
22320
8326
18705
5334
8895
29742
31552
18739
15923
20673
3223
17117
18658
3222
31678
3302
30835
16503
23354
16497
23342
29104
7465
33110
1166
33084
24261
20160
33126
33089
10853
10910
23275
30846
24298
33108
20149
8583
30738
20070
12859
2874
16634
24320
1207
1262
33096
10826
1205
24408
1253
10813
1230
14354
33121
10838
10899
33070
16495
33131
29094
29006
29083
7511
12892
30819
20176
2924
20079
1325
30744
30763
23215
16509
7487
16563
24305
7466
16575
1257
20147
11782
10015
24290
30808
16539
33029
24406
8504
30769
29096
10841
1220
2885
1805
8566
23233
23253
24303
24316
24259
10858
1202
11781
1309
8579
30841
24369
23676
1291
29034
24368
16507
24377
30752
23290
33079
8558
16560
30784
23336
1178
17638
16534
23281
20180
16599
14393
20177
33148
8557
1245
10802
30758
16546
33100
23240
33024
33071
8589
16512
30792
20145
29078
33059
30749
16526
16617
23311
20107
16499
28984
1197
17587
12918
8517
30789
20129
13454
19049
27118
16443
27787
9829
8209
20207
23847
15149
861
32181
27087
4668
21630
13426
20226
13399
27107
4622
8203
3961
925
27115
15162
4676
8224
905
15074
32163
13463
16430
13384
20260
4059
15184
27121
19011
4124
881
11881
902
13470
19009
18995
15163
19003
8279
11923
4036
13446
11895
13482
11933
13479
1889
8230
27052
27113
23842
20252
15666
3956
13462
13379
11931
863
13372
4084
13423
13465
8277
27090
20261
9849
4599
19031
13461
11885
13469
13444
8254
19043
9848
13452
945
8286
15124
4067
30523
27788
949
904
15157
16468
8278
15073
15084
15191
11823
32141
852
13415
13396
27012
32127
15088
23813
17569
11880
13401
13718
20219
13416
15201
20245
13382
15085
4093
13385
8215
23740
24868
26642
28888
29535
32888
24853
24839
33151
4573
23792
11995
30080
11986
28908
9416
26696
30097
9484
28968
20423
23724
23770
17960
3495
32881
24783
23711
9438
4556
14344
23671
23697
14329
26654
30063
20362
4534
32946
24872
9412
17151
19688
32851
30113
10012
28896
4546
23709
17156
28958
26687
9411
6638
20365
26703
6628
28974
28962
14332
4542
9422
358
18031
24856
15730
20419
27825
24846
4522
23768
28956
11956
3558
6633
14245
26728
4543
32879
28952
9410
30102
11975
28920
4551
4499
3573
26659
32937
30093
18035
363
4537
23686
11784
32967
24896
1803
6719
26634
4538
30138
28970
14303
11963
32889
3559
12114
30096
32977
4536
305
20407
12014
11133
5445
26574
29664
17121
8936
30613
18742
29671
29753
18675
30596
17082
1064
22318
13043
26585
11157
17063
8915
26513
22274
11113
26563
11096
11786
26523
11123
1043
13049
3224
17059
17049
15890
15889
8899
29729
8938
8963
10013
29744
18809
29631
29681
16955
11050
8923
8348
8974
17048
26598
11121
1808
3261
11037
5353
17050
22241
17023
16998
8314
5355
18745
5324
8367
11154
18792
13623
17093
13006
15886
29663
22273
3207
15956
8977
27822
1022
5302
5395
30669
15917
22283
3321
18824
29769
1073
8335
30647
18820
29641
17091
13048
8941
29659
8920
29688
18695
11061
22230
20642
17120
10019
11155
11787
20636
29782
8943
18790
3288
1111
17068
16976
15937
13096
17005
11162
29778
29732
22306
11051
22327
3295
8322
5313
22312
8302
30707
30652
5271
30718
5311
30678
11126
15950
8305
982
29678
11087
8921
5400
26539
17010
27103
9955
908
4121
30553
9836
30524
25369
9876
4046
9953
892
11896
4608
4113
8287
25296
4107
27057
29787
9874
25320
841
30504
20244
19065
27099
19025
9889
32125
19085
27025
19014
32088
4653
20259
26998
30514
25276
16428
19016
11867
27055
25327
30502
25377
8206
20247
4678
32156
27037
4054
27106
20232
8271
4684
30563
25295
15199
27081
32174
27088
25337
20263
25298
4106
25330
4688
32116
15116
8211
33173
19013
9877
25368
4623
23865
30579
906
8264
23838
20201
15126
27076
910
9880
30584
951
4601
15117
11890
888
31239
30566
23848
20239
4652
23793
4637
30558
20240
25359
30533
13478
25347
25375
4630
893
32114
27123
31246
30515
25313
6028
27079
9858
11750
845
25278
4136
27120
3187
26530
17090
26535
3219
29634
1127
31273
31267
11071
31646
29740
13036
20587
16974
973
12962
20649
30684
22225
5378
29745
31658
27841
29636
29646
8362
1108
17053
22284
11074
20680
12971
5367
26552
16960
13040
31602
30653
17011
16963
31271
8292
9978
8177
29683
1142
3259
959
30619
30724
16987
22279
22221
11070
15925
8300
3290
3246
21639
8366
1878
5444
29717
20650
20554
30677
13070
8357
31589
15894
11054
31653
15953
18802
1873
29666
3298
1082
5309
15901
29675
8313
16995
5363
17126
8375
15891
5318
5345
5436
17078
16990
30703
16951
15904
31333
20557
26589
22287
26557
17004
5315
17033
15921
11142
992
26575
33267
26541
8301
12977
20690
5372
3250
8403
3243
1004
26590
3283
9976
22285
29772
31270
1040
18772
8376
5429
5361
29559
11082
13074
13077
20612
29701
26576
3300
30692
22297
1034
8306
12967
5297
11107
16989
955
8957
8904
31690
30715
26617
1086
5328
1062
15898
18825
20699
22278
15959
26613
30602
31691
1361
7339
25734
21751
22168
2626
33368
1426
9949
14598
7301
15631
1377
10400
8745
17625
8731
7276
33282
18133
25757
7340
10417
18110
18121
17622
4481
1332
14652
18150
27274
21795
8656
18087
14662
7309
8704
15964
27306
4383
33353
33298
27297
33286
10430
18221
10442
7372
15997
2685
21763
27296
18182
15987
31245
21779
16008
1346
1432
18090
27341
21765
10330
33352
1412
7335
14572
8693
18099
14664
27254
7332
10392
7360
14636
27278
27263
14681
12824
29852
15969
25730
33327
33358
1447
7427
25601
18109
27339
25660
22195
27314
12773
8727
33317
27280
22156
2629
27344
10416
8767
2610
8132
7402
1409
25683
27289
8723
21767
27781
1416
7311
18171
27283
7304
7421
8690
7403
7418
22148
25700
18192
2618
7396
10366
18161
18130
8774
21771
15965
1404
27271
8664
25703
18175
1429
8681
21785
4478
8633
27273
2719
2658
12810
8697
4010
27311
10420
21815
22162
27252
18079
21826
27299
16566
7497
24306
33039
32988
1320
8183
7522
12914
29043
28997
26192
1240
12949
16640
20093
26227
2989
26213
10839
8515
10845
17514
29026
12923
8540
29063
26191
8179
20169
24276
1292
12884
8520
2855
14410
7474
14417
10822
2968
1156
16531
7445
14389
10851
20125
28989
8581
16584
8586
10808
16594
12835
7526
10818
29088
26188
16547
14376
23554
2848
14414
16615
8554
8488
1236
17512
2898
1181
7467
33005
30791
7551
7500
32996
33038
2960
10885
12893
12841
2900
16506
24351
12887
7462
30790
2995
14359
16517
2965
30766
12846
9973
7488
8523
12858
23235
29068
20133
33133
1305
33105
10876
33068
30788
23224
8505
1187
1313
12941
12911
2917
24374
16515
8592
10843
14390
1225
32374
9065
21080
6139
16101
6111
167
23943
21114
23919
7973
2344
28727
149
23089
7935
16057
21027
30479
32398
2391
9090
7921
23995
21092
28839
254
7918
6050
7961
1898
9077
2289
30482
28740
2291
30403
16065
21068
23950
9129
21095
24047
28761
2285
32359
24065
7984
7966
25781
21019
181
6157
30397
214
16132
287
28731
179
9017
7884
30441
7938
22982
22968
30494
21097
8116
9020
32355
21033
24059
8026
6080
20979
16038
30436
2444
30374
22995
2316
30412
203
2351
22954
16067
10299
8024
28831
30465
218
30387
29602
2301
16032
16051
1900
30427
8000
2380
8042
21041
21062
28767
29606
23025
215
8019
22984
23065
24020
2416
28789
10277
21079
2335
24039
23996
8012
23900
24097
9034
9075
251
7946
28771
32430
21049
28816
7968
6125
24089
23078
140
225
2307
2364
2345
264
24090
23014
21034
24037
16099
16070
23084
16069
24064
10281
23590
26332
18282
32416
3938
24084
6071
28843
2311
16140
9063
6156
18307
26314
9142
265
6100
6149
22980
18258
18260
23964
220
26366
6120
28865
21042
23055
30495
26328
6177
30481
23991
21010
18290
32408
2330
2385
132
26276
9132
24099
24052
26288
8016
28799
7917
26286
28758
6117
23927
155
22964
9096
20999
226
5996
23974
2388
21026
16045
24025
9139
24088
23982
263
24040
16138
266
27858
28836
16139
21129
23962
246
21029
22987
25907
26326
6103
23024
18273
275
28763
9036
6084
21122
16097
21103
187
24051
24023
23002
180
21021
2338
9112
10311
23906
21083
2381
23031
22951
234
23592
16060
227
18270
23924
163
23937
9011
24006
18267
6133
24042
10269
26298
30396
28724
1913
2413
2448
2423
30380
23975
23021
23949
207
24044
16063
6145
26252
21014
26300
9029
6184
21043
18918
21403
26425
13288
21457
26380
26087
22482
7240
1654
26140
6066
18958
1831
26171
18970
26512
21360
13298
14234
13269
26476
9279
18850
29347
21325
5922
11509
7194
21362
1756
18926
29315
11818
7227
7266
11468
18880
11575
31532
18832
26461
7146
5453
1725
11581
21401
9364
7221
26465
7139
26142
29993
7214
18868
21323
7207
18838
21345
4261
26164
7162
1758
1682
13289
1626
29303
9992
7205
26106
5493
11508
31276
18963
26507
26378
9380
22342
18847
31547
26126
21391
4182
22353
11495
21388
14090
31545
26053
4150
26124
21422
29289
1620
29348
29269
1739
14180
31533
21379
26137
29329
13309
7248
18977
27742
17505
22338
21337
21672
11540
18900
1753
9379
1693
18894
27743
18936
7260
11596
26377
21437
11552
26063
22351
18877
18857
18944
21378
29284
29975
11566
18864
18841
22418
26438
7223
21416
4176
1678
26398
22442
21387
26058
26102
26166
7196
9312
26417
13365
13287
22403
18948
29323
11493
7174
26057
13293
1721
29294
30020
21386
1728
29300
22382
19692
27744
21304
1837
7269
8090
1618
26382
18954
18862
11460
18892
13353
26103
21455
3891
21297
26444
29339
26405
29361
26122
26423
1706
30539
32187
30568
8248
23846
864
11883
11730
13471
13450
23827
932
25356
11919
32121
27108
8241
4079
9864
23629
899
16394
4031
29841
32115
32099
23861
23818
9832
16453
20268
32157
23869
833
4123
25367
9883
15188
30546
23823
27065
9827
11901
19752
32195
27089
4127
4042
17608
16389
29810
23824
16398
13405
8207
32113
32100
4134
25365
29835
23862
9911
27026
15767
4053
32198
11865
20250
11934
836
29795
25344
32152
19015
32189
895
32197
19037
29815
25353
4657
9854
9873
23627
15175
32131
27097
16372
23798
32211
11868
9894
25373
25325
11929
23839
19017
23626
4647
19068
25349
20264
23808
29808
944
9871
30509
16392
25352
13414
25334
32085
16470
19070
11887
25790
33274
16374
30576
16449
4672
30545
25286
25305
29792
15115
29798
7536
12830
23257
12930
24270
10816
8499
23331
2847
30827
30726
7523
10840
30762
12932
24357
30737
12913
14351
15761
14377
24254
3883
20178
27801
12873
33075
12944
33227
8555
8490
30809
30802
33037
8480
14368
10909
8559
29095
33086
33009
8568
23214
25881
29073
12872
2988
33074
24273
13630
12946
8599
8577
14366
8550
8054
33080
16541
10892
24332
7439
20097
16562
33114
12900
2979
1157
24322
12882
29023
2986
12927
12912
33002
12904
12931
2865
24398
33128
28993
8530
30772
8507
24388
24328
10895
30800
8552
20175
23258
8494
17545
20158
29042
20087
17543
12834
23352
12871
8574
23241
16550
12867
2954
30801
16533
13746
29047
30813
29007
8479
33101
24275
33083
29109
8516
8538
2902
8528
29057
2856
30804
26198
8524
20117
29080
23283
16591
12877
2894
24343
20172
2857
10850
20148
24409
20143
30825
2915
20077
14412
23607
14378
3000
1208
29071
28998
15713
1218
30729
16537
7479
29082
8489
23306
23322
14406
28991
20104
1285
33027
7527
1254
13738
24371
16549
7448
28979
1183
16511
29037
30768
16518
16622
2878
29552
29051
20136
29112
16596
14418
16535
16590
7504
20159
10866
8508
10806
16627
16505
2940
1159
24354
20186
30754
21622
23312
2867
16637
7434
7554
1152
14473
16639
16572
23293
7518
7484
20138
33134
23369
14442
33169
20081
20083
1154
7435
16530
16629
29041
6055
23362
29076
12848
29025
16553
29100
7431
7561
10823
14467
16598
33036
20137
7452
10833
13735
1186
29550
20080
17523
20134
10814
24353
29046
20098
7440
23330
1238
12854
30836
23262
1204
16523
2892
30812
16492
29052
23364
8591
29093
16554
23355
29074
7524
24285
12902
14385
16643
23219
16551
14369
14440
16567
2854
33025
30767
24359
16496
25605
10370
14577
14683
21777
8615
25619
2655
12737
12783
7419
21799
7392
18065
10335
25886
18070
10403
25647
27309
22191
12777
22199
21741
21817
25617
25653
25633
14619
10437
21750
7305
8712
7390
8685
8637
14691
33285
27298
18128
14602
8734
25604
8628
8749
8721
7425
33354
25733
18213
25682
25625
7405
33283
12732
4452
10014
25752
8744
7370
7355
12762
2670
27302
10341
8650
18098
8660
12776
3926
25608
25598
8675
33299
22202
8769
7417
4435
14674
8768
25731
2695
18112
27303
22122
10429
19687
14687
22183
27266
22136
21810
33335
2054
19543
19496
28250
14934
17249
17230
22663
4920
20876
20921
20905
19593
30369
11234
7743
19569
14896
19598
22787
7696
17310
17311
19521
14979
31709
31812
28196
17285
11226
28177
17508
3748
22683
19549
28195
4951
7859
22717
30260
28259
11289
9799
19586
17248
4860
9785
31754
20917
4949
4989
28179
9741
30296
7765
11277
20974
14916
2106
17319
7703
28203
13509
19513
19548
11231
17228
9790
17315
7787
11813
11215
31751
9730
4852
28226
17247
3751
17291
17316
3730
20936
19652
30256
17295
28243
19610
11292
11812
11209
7715
28296
20909
7745
28217
14842
11309
9809
3759
28176
22723
31775
17312
31724
31272
28306
28252
9822
7732
5966
30288
19519
30284
30336
11276
11181
28249
9773
14946
19632
17340
7785
7813
14857
28185
4915
30261
7720
9739
5967
28247
28292
17218
4952
31806
3804
19523
30354
11294
17232
2102
22650
7735
19601
11282
7811
11165
9756
3840
4965
19597
2073
20896
19552
19509
31702
9732
5100
6890
22864
21687
6807
396
22822
22814
25766
27500
28470
10987
465
27538
19362
25944
19661
5024
21898
21919
6957
6913
32528
12307
22940
19309
11016
10965
28426
12381
28496
5060
10948
28471
26004
21875
10961
5056
21893
28500
8187
16171
398
22924
6865
26035
5094
12417
5096
22891
14557
8438
11017
27543
21896
27581
21906
29583
22821
5032
5110
6825
6896
21917
12357
14477
28450
5070
28445
32471
452
28483
461
22842
435
19257
22831
5043
25921
14533
488
21836
6955
1864
12373
22943
5957
12425
6884
27517
10986
10939
21837
22906
8201
26011
21846
22874
12401
21902
13628
5061
6940
10966
10974
22805
10938
28464
10971
22945
29775
15958
15893
26528
5325
1122
17016
8347
18657
29736
13099
30689
3875
13051
8370
3236
8935
971
22266
11143
11141
13090
18749
5412
980
20552
27836
15896
31595
1042
18701
16968
29661
30604
12975
8324
22319
12987
18798
8374
20698
11128
8351
18718
18672
26619
13683
18721
8360
18816
29647
26536
1049
18719
8296
11136
26584
1056
8947
8392
13696
26551
11134
15919
31632
8980
3189
30612
18759
22288
18656
18754
13068
13113
22252
30702
18680
26550
20621
29513
20607
8368
26540
11144
8369
15755
30623
8949
20637
3162
3216
5403
29779
22222
18703
8906
22260
5364
31553
20693
30712
13083
22237
977
1091
20644
30716
1058
9939
29652
29691
29633
5282
3172
29517
30635
33272
30687
26601
1131
18734
31557
9943
29679
31665
29674
26571
9938
8330
18781
1124
18801
26556
26543
18730
29705
5376
8964
9001
29696
1110
18821
29722
29783
16972
29739
30697
15933
998
30620
3320
29630
33200
8086
13081
13018
8083
29755
23750
6691
26736
8076
25853
26652
4567
12104
18057
3553
30122
4483
26675
14324
5999
13692
23766
24800
17160
376
6657
28885
11971
6007
12173
6703
17175
12123
32915
24887
6663
24854
30108
23741
23754
24774
14306
6635
4568
20369
19668
24837
30087
388
18033
19682
32919
32886
26668
14280
30136
32958
26732
17183
26724
24829
353
9447
4502
20400
3549
33201
20392
30061
24835
6678
17948
9433
27828
25852
30077
18014
30125
26707
3539
11989
9463
12074
20368
18038
24795
12081
26717
18009
9436
28912
28964
26720
32906
32949
28904
6710
28959
6650
9464
23735
325
14294
23777
24770
4548
17147
6704
17167
23712
6718
6664
11969
24833
32945
32923
32941
26667
32964
324
12110
26681
9471
6702
23779
24778
24781
17981
6649
28930
24784
9481
24851
27835
30105
32954
23739
12170
32933
26678
347
25848
24788
6669
26656
12138
12102
17974
6672
20366
23714
23747
24898
1052
956
18774
8127
3218
8336
13056
29538
15888
17009
30633
30651
5383
1020
5442
11140
11068
30663
30644
8930
29761
17639
957
19739
20590
16967
1071
17055
3306
1085
8962
5440
29669
15930
13023
20679
3205
8903
5303
17074
29540
3289
5370
26621
31583
13082
3202
3257
5327
8386
18771
15920
31649
5389
8309
17070
20606
20671
31569
31654
20686
21648
21650
20574
12966
20695
26526
3942
17071
17024
17100
3271
1035
20567
8898
9929
3156
5431
13667
30685
30683
31564
11093
987
3244
15948
5269
15940
8965
20706
8387
26612
1080
8891
3232
3286
11125
981
20570
22242
3251
26605
8334
31555
18688
20677
30690
19804
17113
5995
18748
20571
3225
30626
18665
1074
31563
18829
8960
1051
1092
20609
5299
1138
33240
3228
31586
1139
8384
29687
22257
30654
13005
31566
31636
1121
30592
5377
8944
20619
33241
1109
17102
20603
8382
31594
13104
11040
16982
29759
24556
19977
19981
28316
28387
20788
20037
27950
589
28312
29923
537
574
13163
32771
14062
19963
23875
20793
11658
20778
16330
29874
11762
27955
17555
19973
16286
14040
13624
29911
29866
14051
20718
32798
32784
32802
16315
20738
20795
20752
24554
14028
11641
20724
594
21690
14007
32782
13201
621
32713
20740
618
27915
28309
13137
13205
32786
20771
24585
24628
11626
13626
24616
2137
20019
558
14055
11647
32725
518
28419
6295
13132
20785
13128
24538
1863
16302
27933
32762
32776
604
20741
28403
28324
32724
27892
13221
14014
13154
20779
27986
13176
13217
29584
32781
24610
16340
11605
29889
20825
32747
13129
20831
24609
32832
11613
28392
13212
13200
27903
20051
612
14086
16359
13196
11676
29881
19982
27989
20010
543
16368
20005
13627
522
20040
19955
13227
11642
28343
27809
20787
17397
24110
11718
32631
24118
3675
3664
9148
17874
3658
28106
17887
28125
12589
17919
17480
30227
17897
10041
15560
9220
30243
23210
23153
17344
32593
17466
11339
28127
5873
28133
17538
17898
9254
23132
9167
23112
5819
28137
28111
15567
10037
12449
3691
5857
28089
28074
11408
12482
17861
17366
9158
32637
3611
12573
5828
26942
9230
11403
6327
17540
24137
9161
17461
23149
3598
17455
12596
23188
17479
17415
17895
26969
24166
17409
26918
26991
24131
17917
5745
5905
17342
32640
32638
3698
17892
17902
33225
5896
5799
17371
5899
3597
6041
32663
9192
32678
6413
17350
17905
3687
9177
17884
30249
3679
30204
32641
5784
11341
32620
6042
3608
11317
26886
17927
3689
26847
5785
17907
17928
17935
5875
5824
30217
11430
31252
23105
24140
9233
8058
12527
27082
15189
854
4088
25264
11870
32142
15138
23858
954
27078
13472
16390
25902
4621
32089
16383
8126
4656
4092
29828
8219
20238
13376
23830
27043
27003
27093
23682
4132
4666
15075
32159
4648
837
4681
16418
13456
4664
20253
9927
8122
8288
15192
9860
4073
13407
27050
9900
13408
25336
13459
32208
8228
13440
32167
32199
25289
27044
32209
13412
16406
23802
32204
943
875
4094
13468
4603
25326
23816
9866
8275
1884
4645
25282
31289
16442
878
8238
23866
32134
25269
16425
32180
4080
23595
15095
27039
4624
27095
838
27041
4606
25903
25900
25901
32086
25271
4056
4098
29822
15202
25322
25309
9833
23834
25899
25898
32188
4064
9859
4614
16454
8226
860
8231
33244
32170
32129
15082
9910
11935
4682
32201
4102
15179
4596
4122
32148
27017
27054
19004
15155
30583
16473
16451
19045
27110
8113
27002
4109
16479
30511
27122
9892
9847
32151
9850
4041
15122
11739
27068
27124
25774
27046
27019
9878
18997
27011
8115
32150
15097
27015
32164
25361
20215
8260
29793
15171
19053
15153
9989
17526
19097
19062
19074
15113
13466
27814
23840
21703
4665
19059
27083
8225
4077
