13323
15756
11077
16752
12211
16889
16398
7057
472
19055
5766
1908
18974
17925
15399
17427
8014
5359
8375
16962
15895
17901
3076
18574
4075
164
16484
1805
16774
7945
3987
4846
9259
3884
14857
2355
10887
15676
10562
18488
16267
15463
1612
12019
7175
16833
651
12611
18981
7674
9358
10554
16397
8700
11044
156
9541
16574
1559
2660
12591
15126
17361
12401
738
7089
9
9300
5832
18676
18248
266
2706
11064
19584
19995
17690
9032
13213
17933
11773
19802
5876
10567
10276
8035
9902
6823
2572
900
13065
6846
19843
8794
11629
3699
9369
7079
1520
9507
13842
15357
14564
9872
8910
3323
13084
2793
3925
11538
16023
13371
14479
10130
2692
8273
5050
3383
7705
12915
19159
13440
8261
9513
2816
15784
5715
7228
10603
9743
3123
5667
4601
11685
13749
2293
15066
9968
148
9057
5111
9678
19234
14898
1126
8566
11703
836
10630
7221
13006
10300
9481
13135
7414
12081
19734
9544
9031
11069
13353
9806
5408
14994
10424
4669
761
16445
17200
10778
11532
17012
5267
17426
1699
7433
11221
13959
4368
12458
3228
14136
17740
3772
1800
9612
12210
10805
3280
8801
9985
10745
6711
11596
17114
7742
8370
16222
4819
18969
13041
19687
8119
8344
15522
2475
18927
5182
19731
55
3513
16048
9382
15504
13316
146
5189
8947
7547
15482
1578
10480
9981
10881
10028
7986
15077
16784
9698
4120
4596
1203
12002
4891
16071
12443
17031
15909
8055
6800
16563
18224
19922
19993
17597
330
4901
8886
15561
7231
9243
2104
6070
12486
13944
19202
12542
10799
8781
13717
2060
14824
9414
18891
8637
5522
5186
18306
9385
16854
13905
2282
17916
1950
4409
15080
15029
15232
19500
18089
15053
5377
9739
19084
14732
14858
1332
18149
9310
19135
17663
16109
6706
13701
4405
16740
10311
3702
822
6151
10741
11295
4526
304
14807
7822
19683
11764
6695
1198
3276
7685
19975
3730
18083
10738
10824
9169
16961
13240
17376
6820
2481
7197
12441
10756
356
9324
12921
7111
15771
3566
6458
5819
18029
14829
12822
4256
2491
7502
1688
10156
17852
13791
12962
12566
6313
9868
6772
15735
17458
15553
9845
12409
19205
13900
14245
19815
19735
15858
19355
2601
4826
13618
502
10291
17988
16451
17145
9656
5152
16217
13820
2668
4814
19416
11578
17904
16441
18790
18462
463
19313
17067
1621
15193
7409
13797
6015
12711
9408
2298
9688
13729
15073
6725
15904
14469
16152
1281
12738
6341
6224
13137
13426
18438
13603
7620
9231
10039
19859
18867
10729
15940
8367
13824
5976
586
6909
998
19942
4862
5940
18643
10941
11187
17260
3918
5704
9037
7626
12809
10015
16650
4700
7157
11101
2172
15309
4388
10854
1854
16143
15749
19561
15671
18522
12511
3124
13180
1829
14835
11332
12653
13227
7266
19487
15508
14252
18691
11301
10513
17047
7802
167
10315
15964
3086
17996
14544
14483
19516
8243
19671
14089
11637
15495
4225
3215
19829
16215
18844
4527
6903
16330
18553
14280
14082
19287
16049
2712
12195
15913
13734
1319
19407
2486
17085
19053
4192
19433
2922
13237
1852
5360
3421
7508
13038
12612
8407
18807
15096
1716
18290
4216
12207
503
7215
17760
4111
9636
5951
17007
855
2069
11808
6914
14823
12470
3059
1672
17727
1314
3043
12335
10739
6649
10113
1922
18168
13101
19536
7108
2992
3527
4938
15956
8836
14468
11560
18937
13421
5195
7019
16275
15123
8512
19527
4728
14467
12626
19120
19041
4794
2154
17251
6419
16043
1226
12399
2346
5174
17557
14956
6919
5303
16776
18332
17169
1689
6524
13584
9730
1774
11599
9451
13719
19690
1552
4053
16537
18548
3119
1770
10678
6160
16798
4297
1241
14446
6389
19763
8348
19779
10123
2022
1499
1165
2995
5190
6152
16469
6767
6120
8606
3109
2492
15830
11731
19246
8216
14024
14217
11958
13707
5825
454
18758
1614
16885
19189
7201
4811
1652
1734
6792
16170
14860
11104
16024
19885
480
9248
1255
16960
6195
11163
3869
16692
14084
4633
13083
16086
1661
6923
18334
12465
22
15272
14839
11223
11561
5767
18155
11674
6667
12974
16216
6945
6689
362
6394
13961
1928
7086
17596
19741
16495
1936
1334
5334
9207
1213
12117
2715
10976
19870
9094
3551
2803
857
5956
3535
16717
12728
1043
1704
2559
14273
6054
10150
3278
76
6416
13727
17821
13766
11109
19746
14579
7305
6231
8019
7771
8441
2437
10004
1930
4140
8386
3065
19809
19583
14740
4433
7461
13283
15937
3321
1406
7844
7104
2349
19059
14007
14114
10534
1864
7881
9855
19562
6344
8001
14924
5783
10650
16378
13497
5909
17025
16166
10931
19598
6517
9004
6632
13576
7885
2273
2280
7088
16568
16540
17511
2468
15302
5300
19628
1183
14836
1537
8608
12908
4264
14944
7854
16022
1643
7681
16362
15466
5749
12108
12966
6604
4894
5052
18928
9674
12586
18110
6211
16289
14739
15499
16450
15567
8209
17954
17327
10753
5786
11633
5143
18410
5957
15566
17340
11512
14005
13052
9064
11673
2855
7585
19060
8139
3398
16636
2389
16001
7569
4657
9793
16925
18631
12676
15298
15818
7938
15665
12132
16197
10609
14843
2864
14550
19493
15472
14415
12717
14146
2184
18373
12727
14788
12933
387
11339
19468
18781
4411
7030
14881
14486
5862
643
12507
15259
7347
6785
5636
14317
16576
15911
8239
3490
3482
9469
2921
17767
14159
8159
16494
2203
12568
8701
5456
2423
14341
14976
1750
18870
722
3541
16907
11809
14434
9061
17673
12639
11788
9606
15263
8901
5228
879
8769
10391
10009
19260
9118
16512
6900
11451
8623
4274
7693
555
2501
1323
113
16211
10421
11886
2757
10713
12761
1798
4466
7752
3728
2925
5370
19933
5257
18878
9447
17288
11067
17099
15479
7032
13506
12060
8362
6807
12575
8257
7845
8315
11228
5369
16635
3592
19780
3564
19118
9847
8118
18496
5047
8739
537
2367
5737
12433
13331
12859
11293
15952
11522
5485
6660
3547
18603
5723
13925
4535
19532
17696
7629
12766
8094
18635
352
12769
17357
17930
12555
15346
11365
16816
19814
8738
2024
1310
12251
2975
215
15875
15967
2936
11625
6581
8656
4364
1152
14058
15997
3618
4592
10597
13889
1088
16667
12938
2259
7169
6905
6954
18354
13551
4345
17937
15256
8249
8987
12735
19994
3545
13816
9432
19338
14215
17064
12850
19971
10044
19232
10376
8077
16234
4198
8848
3161
9425
8476
5112
18304
11172
13612
7352
12565
9913
5752
13091
10047
4457
3847
8936
3304
10683
17157
11481
1228
4655
529
9547
2591
8106
3133
10578
12262
19571
4835
4861
644
12881
3594
15486
19299
9378
5912
1965
11396
3295
15177
10714
12215
15158
4415
4530
6060
971
6046
7158
8017
13539
3524
16787
4877
14854
19220
4505
11015
2218
11521
8907
4048
6297
11370
4754
18957
13201
8471
7764
1433
453
5562
18470
1573
13565
1072
6723
5037
260
1221
19642
245
10721
9611
9690
19231
9517
19257
19970
4946
11670
539
16810
10043
15224
15653
3529
7899
13876
2212
11342
11918
7544
15351
18820
1508
6442
12069
6204
7784
7789
12888
19792
8959
17679
5126
16513
11204
4992
18626
8802
7402
11217
19021
5299
641
14474
2496
14724
11622
17773
3851
3340
16136
9993
11298
10375
966
8638
11651
11872
11688
8329
13573
7796
16501
14144
2214
18244
5026
12678
19448
11424
18754
11792
3749
11373
10086
19125
15151
15876
3939
8666
17020
15005
2125
4204
14867
12147
5756
19170
400
14282
3284
2567
18020
678
12539
908
19949
19860
16817
2053
12404
8415
15976
5002
3981
7335
3333
11587
16951
8157
12425
16832
9901
16329
3167
131
3500
2361
11830
1344
6490
10969
14267
19602
10434
19657
19723
15655
2467
17237
13150
4029
10360
18321
4874
12006
10250
8068
18916
13442
5318
15121
12365
16511
10484
13399
16515
1313
8170
16384
7976
11816
16444
18704
9609
17247
16147
7955
3277
2934
19729
2178
12622
9929
11214
15141
17802
9903
13158
18909
7856
16271
10146
16699
9787
432
4909
9974
947
12810
10220
102
17961
7667
8067
2727
14438
11585
6433
2926
3561
17533
14897
1112
17156
15591
12668
11327
4491
3783
19918
4399
441
19064
3704
9705
19593
12151
4678
17457
17777
17335
15708
15573
19288
10776
255
17183
9073
1665
5028
16877
12345
1351
17984
9973
4221
17152
4685
14275
10584
11164
6049
8086
1673
4352
4024
9413
8456
6354
447
1185
11124
7244
2422
6386
14011
18346
16051
16502
6502
531
18003
8726
14963
9112
13104
16373
10794
10279
1613
227
17516
15616
1170
17481
15993
7142
489
16383
5959
9213
2549
1337
11257
5815
2539
4961
19810
9175
16755
10477
8058
5991
903
14078
14885
12091
13677
14786
8753
3735
8394
3993
17130
1357
13831
19858
7698
4584
9286
7707
5310
9314
1083
5557
14258
1970
4618
17568
17235
11486
9734
12013
7573
18456
452
16117
10345
7927
10689
6930
13517
3921
13380
4091
5392
1142
15632
2086
41
6016
2398
14448
17903
2208
14318
11376
15674
3050
18965
12983
11520
12590
19077
11804
13309
6722
5939
2312
15991
9093
2380
8830
5797
19286
9942
3717
13860
10259
3252
18056
12754
11131
6126
6040
4976
11504
16679
14630
13320
9505
962
19591
4822
1615
7186
2066
3158
11879
9917
15773
1050
14302
10538
5194
7218
18612
598
9986
18850
4358
12825
18813
11693
3946
2908
12883
9869
7873
9455
4218
11166
18500
15772
7540
4079
3204
15446
18655
8448
4418
16725
17887
14667
6730
12559
6036
5894
17837
12279
8834
3834
18545
331
14965
16233
1473
13074
9199
293
18385
14945
14947
3446
35
13591
16893
10670
3790
1710
2061
18645
15180
16281
19150
17192
11203
12248
16766
2420
15095
16768
12134
15892
7365
17541
12714
6982
17953
6454
3857
10265
18520
7874
17380
11621
8651
14958
5389
7618
1897
7603
10191
4577
937
7306
7773
510
2407
590
4015
19176
18835
8117
8573
5901
12309
12058
13875
19063
11291
16578
10831
446
8534
9479
17639
1002
12244
19699
250
9744
9548
14770
14534
11159
195
16949
16900
13157
977
17022
11389
1091
14484
15323
19880
16693
5128
2961
15893
2911
18006
10657
6385
1114
4569
5467
19938
17144
14555
6308
10568
11076
7097
18884
5952
15170
10261
10232
1048
15949
16691
19732
4692
2564
1762
9384
15923
15055
16187
9649
3322
16164
5845
4392
4688
13555
17045
14148
4602
19728
15493
142
19631
1969
6682
12326
15049
10109
13754
4027
3542
3823
15270
14212
13898
213
6299
12837
7375
19587
11550
19153
15246
14543
13031
812
17717
474
15219
18151
19967
6248
18803
3107
17972
8418
18830
3339
5489
8513
19685
19307
4795
17406
9458
3822
6079
10163
12658
1147
19556
4823
9762
11501
1792
5114
14361
12148
9293
9919
11959
12708
18433
1816
9857
2852
15501
2506
17164
18950
19722
665
7958
13107
4672
4294
2006
12730
7101
17835
7574
17374
9150
16119
6492
19397
14602
864
4738
11544
19203
18683
3101
6888
7548
18700
402
2494
6575
14305
19453
19833
4621
13128
7992
5372
14997
19035
1956
5083
17648
7564
5865
422
4012
3045
18718
8299
4291
8480
11312
15122
13146
193
16824
3430
6058
10135
16823
11498
17105
17926
16321
17388
3651
4357
5508
12951
19842
933
3874
5689
10294
14004
3035
3173
13936
4934
14791
17576
6098
3605
17558
7655
4648
16182
588
16050
18712
18829
18090
8811
18571
11489
3254
13223
17653
14511
14488
4949
12835
13195
9063
14612
3009
8762
4628
11426
14678
16080
1061
12665
12024
2985
2
3345
8483
17644
8862
3725
19867
16406
7892
1503
2746
1831
10761
10442
813
4986
6177
5423
9710
19831
8498
2097
11794
7432
19394
18113
16250
8916
5527
11807
6584
2112
10563
16395
4958
7070
4548
19253
3405
12449
4275
5483
4016
15621
5398
10702
17539
2488
7202
2217
3988
16057
1143
8669
3885
13759
16998
15285
9922
5949
2750
11845
17216
17446
8358
10586
10275
745
5402
1977
7066
1884
3773
15588
16192
2819
4013
7213
16596
8432
2917
8041
2536
16350
6634
19541
17976
5837
10000
15742
18443
5958
6043
11439
15506
17001
1998
17419
8556
14452
15039
8422
18742
4258
13401
13439
2462
10796
5132
13186
363
17928
8003
19592
9180
17191
10206
7520
1880
19380
882
4727
18266
1249
17223
14191
14069
14800
3332
5431
2479
7148
7291
3162
8333
13775
5349
9030
7714
4366
6934
13171
654
13605
12993
7775
18489
3195
2718
12115
9052
5386
1080
18203
6181
19494
11909
3781
8523
4032
13647
19957
18281
8770
19916
16008
7701
2967
4362
15016
7475
42
8527
10397
5347
6638
14213
4886
13075
297
8526
520
15667
6137
14368
12965
7415
2915
4924
4063
8598
12872
3995
13163
15292
9202
935
5255
6731
9210
3801
8832
8475
9675
9082
271
17078
3406
9352
17259
10075
13344
8562
16244
1878
16567
3862
6572
2608
3996
12510
18230
12153
5916
16828
15758
13527
17386
18295
10494
18810
509
2938
17136
11579
16243
17967
16111
2661
13056
18314
8661
8317
4951
18983
11304
8960
14723
16160
8341
10828
12946
11408
18202
16915
17306
7258
3766
13656
11343
15798
9012
11751
19069
16319
15415
10800
38
13310
17935
13542
10378
16219
6185
7427
9779
3415
17898
1711
19238
19009
9074
9553
12283
8511
1094
7929
17132
14337
6192
14631
3439
17799
1283
19947
6700
5136
6212
6928
8107
36
17476
6138
3402
11973
5290
13431
7953
7743
17264
13278
5803
7470
7001
3079
13821
12804
17863
10518
15663
7989
1755
14551
8302
14019
2681
5879
15113
1377
19838
10999
14853
672
18591
16414
6317
16126
18376
13429
10552
19557
9735
16472
17741
82
12023
15629
6421
9269
17417
13937
467
3260
9078
13537
9588
15434
13322
610
8401
6186
7543
3034
18653
9957
17676
16983
10905
5960
746
17899
15968
3859
18358
3210
12662
8060
1620
8614
1446
14477
5130
6436
11915
13070
1108
1066
15924
2583
14730
5117
14507
5622
1592
19753
13660
13461
6218
11785
482
2141
2822
4997
9342
12213
13904
18527
4455
11355
13216
5605
9875
6696
17346
8385
3597
2334
12681
19251
10066
19662
5449
9485
16868
6352
3324
17652
13236
12352
7782
11634
11828
6278
3744
8217
12958
15885
1409
14931
16697
19301
694
1995
9174
10589
13578
2744
18041
18989
18746
11605
2025
1627
15730
17393
7020
16328
3641
11151
2150
9419
13068
5625
6162
11759
19477
3112
11724
4419
18629
2119
1403
18551
17527
241
18142
15788
19721
10074
9079
15517
506
7839
10201
1437
235
9702
8885
7059
14348
4717
11696
880
14207
14195
687
13313
18085
11329
7040
15980
681
14457
19321
3550
16507
17035
16557
15491
4107
18823
1609
233
312
834
13847
7567
12522
5880
2969
4598
15842
14709
17131
1111
16785
18232
8953
8964
15557
3382
9889
4893
9885
5145
13012
7463
15464
15975
14226
18448
5659
11019
3399
4971
19339
13963
7678
2197
1217
4513
15253
14766
2196
12772
15948
7100
10611
12391
206
14313
5897
7859
19588
2480
18642
17430
3330
3937
1512
17635
16964
19907
6635
5057
6351
1385
12022
1215
527
13002
1156
5787
5125
5063
14192
17378
14760
5034
10042
16808
1802
10898
6501
1504
6404
18169
16315
8968
10324
16724
15979
11300
14062
249
10050
17836
13540
18076
5163
12936
6453
3062
5418
1933
7192
16751
12446
11747
12427
4507
950
655
2505
2721
19512
3664
4435
8810
13899
19340
15137
14203
17703
14508
13980
13648
4069
19618
9838
16545
18819
9470
8396
17855
11265
12552
3274
6618
5612
2295
7014
6937
19883
311
1035
8808
10774
8330
5328
11448
6302
4130
14989
5316
3042
6291
5373
19677
10205
13570
14197
9776
8908
13765
1355
7190
8706
10096
8066
17779
3598
4427
19271
10561
12536
18033
11471
19137
19522
11379
7718
3467
12638
5838
18160
5567
1225
4820
759
8601
14032
4552
16413
3480
19695
8099
1777
3494
2659
10297
6868
951
1737
11049
6020
5462
12757
8797
15738
1991
15436
17849
12944
3017
7357
11264
9873
7913
1820
568
2986
9497
12680
8597
7984
3145
9396
2902
7552
18736
19543
13454
10010
10031
11013
5049
10489
17296
1133
15132
12067
6068
14255
11186
1144
2508
15394
4268
17198
8816
426
11803
3110
1707
5041
1921
6158
12180
5406
3263
4154
17710
51
1354
14377
11209
6831
1561
13718
9373
11297
8355
19558
18049
2849
8587
1935
14160
16434
19296
17854
14180
4112
3487
5513
15877
17431
3812
9471
12777
633
1077
5120
9157
6768
9062
6102
18600
14466
5817
15221
12645
9043
14216
10235
1151
16316
2108
8374
2296
9315
2602
19218
2596
6460
1441
8552
1014
13641
13229
1081
13206
15649
11934
6091
17336
6384
11524
15019
13594
7610
2879
16826
4926
1210
15928
13812
11031
591
129
15473
9774
8535
9089
1315
5191
9995
16820
1766
18014
5094
13435
3294
6428
12105
12269
646
16114
4962
5859
2834
6447
16172
19755
12286
18741
16394
3677
19445
7090
1675
17726
12746
18325
6968
15932
5286
5209
7180
12885
6910
8337
2103
6605
6360
11615
7894
9668
916
13713
16607
18340
6963
11202
10954
19519
16734
10591
18772
826
16895
5220
3991
1811
2109
2320
3688
15500
11413
17974
3077
5927
284
14440
4207
10579
11873
4695
14098
5048
18093
12667
4988
6118
2617
3595
9577
8641
7270
1196
5969
6693
12156
10850
706
16331
526
1247
6983
12524
15656
859
16363
2360
5843
5309
16204
13191
3765
5604
17947
536
16063
6371
18430
3898
15744
719
13270
3410
19467
952
2267
11505
8924
5518
6464
9621
14804
9728
18935
1400
10860
13143
2776
15540
10492
18995
18840
13646
9840
10252
14241
9317
11165
14865
12906
6586
5688
18417
12839
11888
14893
13046
6467
13693
2300
18338
11686
17009
7830
10514
13410
5576
12934
14880
2870
11690
4390
798
86
9256
10438
4694
14920
13495
12506
7140
18277
2143
13218
10159
12183
3965
18366
10121
1429
12071
17919
2799
1765
12490
6012
12274
15697
8966
18305
9468
19998
19319
1193
7720
11341
14459
16978
2906
14871
18249
7216
5137
2087
723
19095
17890
6986
9551
4033
19346
5860
12222
10767
9571
13967
825
19789
1584
6609
14353
9816
7381
16347
10673
16101
5871
17415
13572
8812
2020
19709
3929
9833
3698
11871
4248
2670
6149
18739
2017
3972
1361
16480
10668
1841
14272
12744
6406
17667
17491
10930
8439
18307
7128
3866
10149
15959
15374
3584
13222
12031
6657
15838
2099
8923
15336
1269
31
13574
7641
10965
12125
941
6867
823
9149
6845
10234
2074
14520
7877
2062
14859
15094
17462
19192
15576
1759
12499
1302
7466
15661
9121
7675
16997
3379
50
6721
12291
3347
13414
9100
5404
18227
17502
16853
9828
4312
15216
3451
7465
7283
19524
4793
7043
16865
13856
13393
17342
10065
19530
14589
17860
8098
18299
1679
896
10570
15494
5637
5175
3097
6805
5178
16587
12087
15127
18984
6262
12998
10733
1065
13935
11318
13274
14451
15150
547
2271
3176
4072
15881
7162
11468
13232
152
5089
7933
14797
18507
19294
1186
2059
18054
18058
10808
5893
595
4289
12526
6741
881
18412
15362
16999
3683
1024
16602
14844
16726
3442
16165
9766
8554
5207
15753
15826
17479
2113
11072
17076
8825
2607
9129
14728
11903
15580
3593
6716
2703
4681
9361
15443
1434
14161
11898
10686
15300
3757
8026
589
5608
10409
16471
5322
11767
546
10833
12833
17531
1154
18195
2310
11087
4413
9673
14138
19180
17529
19415
15545
17626
15694
16814
15880
19161
7407
12088
17356
11697
9011
2432
10569
10669
11790
12160
5170
2980
17184
13447
1810
19132
9742
14497
7143
8488
14167
8516
4165
9146
8611
11007
8730
12634
10333
16392
4185
12190
8976
18883
1784
17579
13808
17818
186
2406
17999
5364
1428
16333
15335
10168
13438
12386
3199
9707
165
4579
2079
16341
16184
1524
15612
11559
8153
196
15809
7918
12018
14115
187
14985
179
6508
11493
7867
16743
4443
1393
2646
16947
9691
11968
652
6858
18622
4943
14163
19388
13402
942
15451
14668
4335
8876
5805
819
13940
13970
5032
3418
18372
5242
12582
17706
18511
11325
18814
11060
19979
16742
15104
19718
9552
17857
9626
14306
6726
10782
2015
5675
15636
16231
13502
7800
6310
13634
11001
7557
5924
14972
17153
2161
8002
6206
8838
2613
5591
15255
3055
16623
16393
11591
15008
10842
6965
5823
4558
19707
7051
12054
2246
9629
13324
13354
973
5249
16
6194
7654
18857
5339
10949
6023
1500
473
1229
14433
2846
16630
9463
1752
3303
12876
11154
9279
4040
17826
5501
10904
24
10052
10240
6627
13282
13623
12540
9601
2051
585
8782
686
18322
16923
824
17133
5421
1275
14950
18899
10991
14285
17125
13272
9020
1419
4320
1962
15590
1132
16296
4570
2974
7843
9221
14537
15550
0
18005
10699
18437
9191
9233
6856
10225
16783
8822
9952
16838
7430
4697
764
9370
107
11569
15527
17390
12805
9603
9681
8366
6563
19777
4768
19197
351
12961
19144
5614
11321
3136
7745
9422
6097
9261
19937
5323
9709
8788
14266
8894
16977
10172
9453
18138
5241
13761
5272
11184
3369
14389
12886
9028
8891
12217
4380
8253
6602
14055
273
8639
15052
7337
239
5297
18985
3073
1808
6645
2140
225
2241
6276
8932
659
19679
4087
19281
7251
8854
15562
11558
8244
19539
17399
13673
9388
10934
6201
14152
6749
9506
1882
19714
18066
10814
10007
7762
9852
18888
18120
7622
14995
7680
17549
11482
6796
15071
2507
14548
14257
9529
5611
1888
15723
10712
13965
2330
17917
3658
10693
7835
12102
11714
13018
3047
14365
10385
11462
14558
16791
5672
10957
11253
4957
14712
7565
1879
3982
6427
16278
3270
2760
603
779
7098
17509
11810
9832
2394
2090
13714
19403
3635
2627
17806
629
8125
5081
19389
9280
6756
80
15986
11779
16771
18379
19667
18646
7458
8154
17693
84
13204
19897
12318
1137
497
16604
19954
13345
9307
19704
13668
18581
13599
4968
6396
12191
2812
4102
18060
6620
15910
17958
3
17124
17193
4061
10384
18082
7578
14491
13394
13684
17422
8524
6684
11114
4124
8515
14003
3224
10620
9786
12196
9725
2998
2676
1513
11745
3827
294
3220
8982
8100
14722
16342
5415
17534
8650
12294
922
2336
809
8210
14715
19395
5707
16916
16994
18416
13581
7795
116
8867
915
19070
3258
9490
16532
2620
9036
7568
15558
13869
3082
16525
17895
14041
12848
2946
18154
12578
19878
16498
10292
5833
5330
15313
7815
8095
4247
17839
6298
15358
14670
1480
19770
1604
19181
8723
13487
2999
19075
6652
11033
2531
15559
2881
9591
9579
18036
5914
7237
14955
17116
6258
12913
17401
8230
2734
2382
8079
4454
8673
5311
14345
15428
6935
10430
10335
19219
12328
17225
17248
12142
19826
10759
4184
15269
19318
3316
6407
14894
2430
8617
11438
1769
5457
2984
19879
7946
13155
12741
12311
5473
19193
11127
897
15338
10301
15210
7325
8625
8136
1254
8155
9372
8293
17705
12480
14647
9499
6148
19733
7908
13043
1874
4430
12807
16696
15342
11075
8899
5903
4606
7961
8992
18624
6810
19572
17955
8009
11624
7422
16980
16421
2021
11447
5353
7732
1284
12682
3948
15853
5432
17043
6548
7053
16713
425
7431
19038
17123
10413
3132
4449
1983
6127
7969
5268
16565
8197
5146
14405
7690
19750
5596
12406
6100
13252
5517
615
3498
13293
5054
7561
13260
1068
10271
7065
3090
3602
14013
13483
2091
15365
8866
3285
15421
11235
10755
1262
8458
12666
11052
3287
2192
983
9375
18763
14721
15082
5395
5621
3094
17400
13053
7220
13120
7200
1646
16782
11459
14914
4503
10328
14391
8088
18925
11664
12725
3378
12131
12277
2373
7193
16479
18563
1709
5387
630
3786
17870
5127
5664
3338
3118
5516
9660
6374
1138
6829
12991
4395
13106
3758
8713
4044
8059
9492
12895
18175
14388
7871
4172
19900
18944
11726
7212
2558
5135
13179
10253
16747
14496
11652
12713
19078
11474
1575
16465
12369
4748
9864
9954
6473
16886
15643
13931
2435
12299
4244
11682
2418
11483
16970
16598
7199
7002
9349
18729
8745
17391
17314
14737
1907
1124
14949
3953
5577
3968
6215
12541
9615
18311
15083
19076
19881
2174
8950
12685
9285
5453
4837
5563
6537
4711
12275
1551
8451
13166
19454
10359
9879
10830
2224
19455
1668
18184
19694
18461
2538
15102
9653
1417
11317
7914
12334
1739
4666
754
6577
15091
17575
15693
3720
6367
15431
11249
7519
4540
10083
5694
4321
8898
9750
6844
2495
18875
12342
15023
16402
18726
17950
1929
18584
1954
18351
16134
553
3779
3233
4017
17786
8082
6759
1233
1292
1925
19130
4730
18997
5113
5822
8248
14679
11480
16722
15315
5085
13955
14131
9883
1876
576
6644
19517
15514
15882
5366
16026
7858
18059
1952
15187
19827
18938
13173
741
1074
11062
2206
6323
17781
12282
4175
7862
13958
12327
11233
9154
1405
7116
9704
10917
3349
262
9241
12553
19793
18759
18898
13299
12752
29
1348
2478
17688
14633
10588
1140
12376
14425
5934
13602
14560
342
10970
1947
1442
3312
11691
788
9034
189
19072
760
1012
4797
17355
1479
19183
15435
3296
2871
229
13290
10387
6131
8663
11110
4580
9407
16756
18074
10908
7003
18170
9122
17179
5623
2139
4259
19279
15571
6387
11732
5877
2011
5247
9928
13885
19331
12628
19019
10269
12953
10264
4696
10530
3346
2962
770
10656
16658
5888
8245
10558
8509
16927
12253
19336
407
18039
14648
9792
11290
16701
17751
3719
7318
16473
4983
3326
13184
19486
18214
5613
1797
282
12525
10061
16108
19765
13670
15261
18721
12997
10323
10841
13532
7189
13921
4900
14054
19890
3356
954
1204
5954
19010
18658
371
147
16054
18009
13934
18268
430
3053
13827
6787
280
16169
19007
4403
19986
17985
12749
9992
3178
3363
320
14239
17307
8403
10666
8467
7358
1458
4947
16871
10627
5995
8482
12361
5582
1924
8609
7252
3319
14243
15034
1732
13756
17411
17790
18010
4855
2534
3434
3253
16891
13949
14827
12960
5602
13321
1175
15523
17800
716
15098
1470
11106
4148
15425
17138
4009
9140
4073
18283
15638
18949
2181
7451
11977
112
11568
16351
7917
1544
12226
2107
18578
1350
14764
3920
12613
9360
16416
16754
1974
6734
18140
8727
8255
9706
6156
14669
9498
19268
7901
1543
17619
17995
15252
4375
19554
6182
5730
10491
14194
13774
19185
1369
5061
5589
4161
3179
679
11835
6849
3754
13566
16041
2763
12129
14645
4170
7429
16446
13271
8226
11836
18784
9570
19462
6631
16162
1102
12834
8409
6035
14514
13851
4474
18900
15925
10632
19031
3448
19672
12387
16100
3084
19535
16155
12716
15449
11133
7313
1602
18121
748
16855
11981
7974
3695
5971
4521
16829
6270
16575
4999
14747
4813
8881
18482
6836
13738
2400
12338
8388
11388
310
16934
4743
6329
7340
2589
8256
11869
16606
1596
1824
1416
17643
13621
11906
9160
16595
18980
6217
7686
3661
17222
11006
19419
9454
4980
15944
17392
19502
9155
12765
16283
4848
3973
8316
7696
5429
2983
940
3739
12400
12130
3734
17738
19241
2768
11757
9890
12145
10370
11406
465
4349
9104
14821
10754
13886
14943
8167
9671
10390
2386
10169
10272
4376
10758
7249
5119
12221
2848
8150
10249
15821
2688
8612
17872
15603
5891
3901
14033
8408
6180
18080
9059
12594
9789
3508
3060
3188
3792
8681
4082
15896
4047
15485
4562
16648
2943
5204
11369
13263
72
5560
4139
1985
2685
409
5515
3075
7766
16230
18409
17729
16666
1966
2263
17453
1916
18621
4113
8920
15119
15783
10160
14862
16042
14711
6225
16628
758
16869
19492
16361
17304
12092
17240
16020
10594
5169
1927
3871
10342
8567
19274
799
13389
3072
11282
2397
4393
677
8667
16324
1432
8462
6828
16265
8804
2888
14139
3429
5477
8610
10415
18577
11527
6336
1938
8011
18841
8037
6064
18550
8178
13486
9811
5935
2395
1885
9066
18225
13968
12598
2325
1622
7951
10519
1258
13938
11231
7921
8630
4864
7503
17185
1339
9679
18257
11666
8284
14443
18453
19951
14498
486
1873
6318
12673
13480
516
5470
12466
1982
11671
2076
10218
7013
18811
12616
19633
605
6827
14320
16073
3998
5526
462
5821
10237
7847
8760
18609
6733
10396
17998
8361
14951
18336
14132
15509
10254
17510
4356
270
16088
6478
16279
8073
2170
13029
290
2923
3000
18387
19011
16668
14930
1779
1444
18359
3431
15578
1476
18789
13705
11806
3250
7920
11946
3716
7860
13318
11961
17776
4817
14414
12723
16850
5314
12016
17319
18833
5239
18276
14360
16928
734
8514
6271
13472
13024
17243
15658
17266
6025
17370
15100
11457
772
16459
12743
13667
15985
6549
13596
9390
4467
5070
14653
3649
7668
11694
1181
14671
2363
12246
19255
4323
12996
15334
15889
6964
4551
16019
1189
17343
545
14117
11003
4758
8696
737
18851
8869
8662
8926
13807
3971
11208
18569
16634
5757
8031
16497
12823
3626
8622
6676
15974
5651
17956
8892
1086
10648
5116
12273
19408
7067
19385
13279
10766
1683
1574
10458
11140
11119
19939
1438
18362
4859
2230
7770
2582
5029
17414
15577
14274
6871
9964
14475
14677
10523
18993
14962
9737
9460
5296
9605
8558
12637
3759
16129
13057
8228
9891
4805
16440
16269
11038
5436
17321
8729
17560
979
19426
6306
19111
10617
10823
14330
10585
9602
18389
18929
19914
10060
10366
7763
5227
14383
1297
335
17002
4954
5208
14776
750
934
8948
10471
16627
16461
1235
17692
5342
14010
10414
6598
12103
10825
17051
3793
3496
17515
6899
15317
10945
15664
5686
6312
6797
7772
3049
967
5600
3343
6412
19098
6679
9697
13587
15287
1693
419
3472
13884
15204
4288
13882
17472
17080
5184
5003
11453
16721
4341
5728
19812
10073
17524
10178
3531
17505
15212
14998
8016
9411
12893
4718
13268
4206
11932
11769
77
19481
4987
18297
8993
12596
2512
11786
18404
3462
18177
8076
93
13547
14356
15951
8664
19701
17236
11679
18476
9638
14570
6092
15037
8164
6669
6672
17584
12325
10035
19920
18843
8404
3031
3676
1781
19767
16205
1
13685
4060
18206
13452
8276
6931
18282
14150
540
2647
6980
5238
19726
1435
15057
19786
11416
9642
16531
12928
3645
12718
6573
259
11168
6361
13456
1243
8755
6305
523
8771
15822
10592
16353
3512
2614
5499
6773
10803
14596
4334
6066
563
6154
1260
1655
2532
5235
7457
13490
1285
19798
6191
469
15963
4469
16159
17865
96
4271
583
16365
4644
6529
17746
16343
10128
16238
8643
13026
18836
1021
17868
6173
4163
12003
10049
10067
15211
13747
2100
11160
12467
13285
1720
12020
18200
16161
16745
11972
5497
1100
15058
4554
15069
6369
16591
8397
9999
1465
1664
14420
367
3860
2841
3301
1174
18696
9980
12852
4115
6541
12313
5384
16875
15908
11465
9420
10441
10094
6967
78
13553
6082
176
18976
7082
1407
2391
685
9689
9608
3679
2615
4860
3745
6022
6245
14026
19266
9576
18050
9141
16966
17108
13777
19525
4555
1335
16867
9987
12362
16904
11658
10106
2739
18517
13333
10777
17166
19861
17923
8660
8588
1889
10472
14517
7376
6643
13328
7091
5886
569
14986
18428
579
17555
8092
2553
14235
1746
10236
11262
11115
18945
9961
5104
3747
289
5736
19743
6155
16861
11704
2708
19828
7787
13892
1729
16517
269
6737
12429
8555
12364
3376
10404
1900
9080
793
2245
17709
7047
13767
18618
11331
18484
18680
160
15519
3639
6507
9906
18637
14748
16437
562
1726
7864
11601
15624
18157
16952
16851
19550
1948
16163
19215
13476
9436
6843
8198
10503
6662
6917
13700
13488
6348
1312
8379
19423
10013
19841
5281
17331
6837
7555
2499
308
844
6743
8135
7294
14346
17167
15129
18179
5240
9379
3933
6255
17522
6488
3388
1218
17293
4759
6113
19702
7584
3291
19984
17684
10608
17161
16455
14315
6615
386
4004
17965
18278
380
4423
9755
10374
19099
11669
11784
7495
11153
4021
7525
10304
5919
19902
13048
14174
7131
1157
11687
16690
14767
14326
18167
7792
2850
303
19384
17421
18455
2415
1920
13422
317
18630
12999
6932
16422
7109
19208
8859
7623
5278
17979
12583
13849
7579
6518
11718
16979
13697
8779
4710
1494
1541
17269
3980
15447
14719
12005
7445
4128
12126
11174
18802
9583
15044
17279
511
14196
16779
972
211
2717
5790
9337
2802
4774
19778
9965
9046
13843
13160
91
1501
18824
16529
7883
1806
18302
12900
2950
6544
9040
9319
2265
8496
13709
14655
220
19579
19439
885
17041
11770
19020
9095
19503
7476
3873
14070
10001
12562
18698
1053
13112
15852
7797
15537
15609
12939
4074
15461
7285
11287
14650
1164
4262
436
11774
17277
9330
7222
13374
7425
4616
10988
15855
17297
6959
12203
8800
11537
5521
7191
313
17030
518
6161
12208
12495
18308
5319
18901
276
12487
10706
7188
11677
14079
15251
17070
18088
4964
12588
917
15888
816
5870
2965
19747
15429
3543
12865
852
9359
1714
6614
5669
7649
4325
6685
3074
12047
12819
4147
9972
15419
12230
4746
10517
8146
12040
17622
2240
6698
3926
2408
9201
19332
8530
7141
14798
4504
1037
8648
11367
12882
10347
8708
3044
4278
13661
18774
19327
13691
894
8142
8102
19267
19611
16728
7373
1804
19101
2337
12572
13034
3907
17100
12700
16852
169
9452
2843
12272
17939
18583
12801
14445
18796
2362
14265
11656
4322
8815
6670
4561
2766
4510
16454
7916
13503
16674
238
14718
5603
18480
100
11254
13362
16649
18128
16993
10486
17396
15063
7210
8671
10247
6515
8449
16812
12699
14516
13867
16646
13526
19291
13424
14616
3554
1004
6292
3841
14143
2028
8983
3390
1251
6527
18572
15878
3653
19956
14021
2129
13787
19822
500
16732
16448
11316
19921
8303
18258
7970
14606
13255
18582
19782
16610
2072
3916
18253
15416
13256
11772
14105
4483
6253
4908
8677
7581
6865
6558
19620
353
15623
6926
13776
3628
14970
13105
11008
1953
10346
5961
8151
19781
13300
11340
14771
4567
17613
12875
10048
17218
13671
8705
14642
11668
14769
12647
17630
4253
12878
8803
17552
970
18319
18164
11734
1489
8416
11463
3180
5996
11458
2449
7099
3419
4985
4844
18737
18506
15484
9196
13538
19990
14214
13108
5129
11555
16663
19154
17715
12838
8856
14244
1248
11964
8237
8277
16156
8744
18706
10788
6065
14113
11042
9924
2525
9719
11196
11219
10051
3657
831
9042
8425
433
16857
2328
1968
483
16528
8525
6552
2448
6504
1358
10337
10681
15142
18650
16028
3350
10535
1859
14761
12970
948
18285
17147
4182
15526
8569
18396
5350
6019
3022
11421
4329
5849
926
8934
18904
2023
2189
17326
4673
17869
4254
7706
1910
1540
375
552
786
17540
18099
5087
7453
6188
4398
3456
8954
15145
15476
15586
4230
6568
6580
10763
8036
11444
14170
7572
19708
17194
8746
10481
14000
7728
5773
1715
7055
16093
15271
566
19325
11232
7023
12077
19269
8389
6889
4276
4677
14126
3722
12672
15836
919
1826
11635
13059
15133
13423
9851
5092
7978
17897
19140
560
12864
17978
6699
18773
19160
904
12293
12567
18701
17900
16984
11948
8305
9038
9076
224
62
19352
16544
15734
19659
11273
12171
4610
4410
17733
16460
15984
8589
6222
19648
10676
9486
6021
13650
19716
1492
12116
11050
7807
15286
12259
14524
15761
14852
10122
18323
17332
1139
2696
16976
11728
10820
5946
10202
4532
5400
5021
13722
14874
8627
4052
4625
17460
16039
2900
12641
8215
16273
2817
15105
18771
9238
16940
14439
16802
1553
10891
8171
8576
4849
3794
15423
13217
18460
3037
10837
18672
13428
7878
10515
17015
13960
6981
12359
18018
8591
16804
3689
15321
16138
11284
10085
2340
7050
1607
4472
16294
9250
14870
66
2322
17463
5149
11832
6285
11084
9035
12347
13312
10747
3010
7751
7362
8743
8632
10821
12918
13280
9711
7369
11535
4918
1891
6281
17698
8364
4236
10718
3443
2993
6990
16360
15864
3999
16371
19283
13675
13269
11045
17929
5741
3445
12763
13522
14460
886
3197
10164
9433
429
9862
10184
19016
16906
619
7640
2148
5341
15607
1619
13350
5274
7875
9120
17097
5541
17526
19491
2656
10350
8481
17697
8780
1785
208
8395
4791
10725
18693
11201
11135
4116
10642
7405
17208
14309
18764
3917
11921
18711
8680
12000
2621
9669
3328
15631
12292
12644
11107
7983
3666
8166
3708
15777
11021
16520
13879
1632
8083
1176
16805
17586
18540
13631
8283
14063
19088
6656
16629
8748
12012
14296
11729
7120
5540
18250
5883
14503
17140
12619
3585
3416
15849
11676
18579
905
12014
4251
17883
3694
12943
7825
201
1206
6519
15935
12963
15153
14889
7008
15227
9897
14095
13669
1796
4739
7872
17804
17261
13683
15230
14171
15502
17413
8061
16989
17106
15870
16112
8091
11364
7417
7658
2266
6732
7834
5159
7027
14611
10087
16762
5714
13358
355
3517
9934
15032
19124
5649
6769
8965
14222
7029
4056
3650
6443
13292
18444
14461
11974
15477
8468
8644
4374
4326
17506
15340
17059
16682
19386
6434
8444
12924
4937
5925
14681
5382
1007
3370
6230
5722
10343
2452
13141
14907
921
10956
7524
10979
18713
19324
3787
9465
11279
5474
5913
2778
1033
702
4099
14022
16878
1360
5313
17101
14424
1696
12870
18597
3019
6839
4346
4600
445
5661
18223
5088
7539
16447
1398
11777
15289
1341
2838
2973
5524
15790
6809
7072
9171
16880
17344
8842
17256
13556
17328
12095
7625
13511
15165
5279
19497
8400
13172
2046
8796
13017
4224
12256
2316
2788
19603
4034
13446
15257
14864
16718
10615
9415
18135
46
9249
19511
19379
14556
6876
890
11427
18515
13906
16571
5308
9329
1463
15978
18809
14618
2299
6997
17768
14529
14850
8447
1253
17538
4649
8023
15705
12750
7
8005
12826
13078
49
9260
17809
11220
14547
9400
7534
7879
5464
17554
10962
14916
15134
13549
18782
12607
9556
414
19761
3905
16076
4416
9775
13688
2883
366
7160
8956
13170
6877
19116
6207
12990
11721
17353
3670
6140
14251
2719
11484
13044
11800
19435
16452
7164
18495
9128
701
13464
8847
12258
11551
2932
11238
12879
14300
4498
5193
12481
10348
17971
19285
2332
5511
4385
14287
9931
12078
19136
2831
14100
10801
15202
2123
4201
7915
17810
14872
12159
10783
4902
1923
5099
14817
8132
7025
15837
6249
9135
3499
8327
18313
19034
15927
11536
18408
8143
16409
11922
6220
14043
12604
7137
2996
2622
16788
8445
14562
14390
17482
11274
5681
19959
10231
19312
19314
1103
1718
19807
14990
9071
572
8492
17941
19398
1294
15644
18557
10005
9876
1572
4982
4046
17655
15669
1379
13988
1971
6075
18468
7988
9823
19521
17026
8499
15217
3808
7022
15987
3426
14758
4240
16822
10853
12090
19200
17062
13288
14903
10485
1023
2166
4875
1847
3577
508
13600
3504
5804
19608
13315
9193
7954
11610
7394
6357
19637
725
6263
17559
10401
4488
4089
3742
6105
19449
12163
4991
16268
14431
17599
17778
6911
14097
19989
16290
7538
1291
15329
18393
1242
12396
9886
18914
16931
13459
2116
19156
2384
2463
5840
9714
14140
8940
7183
9341
15970
10785
9006
16158
19392
2421
10383
8675
17322
19001
762
628
14686
2792
11926
15843
9110
19030
19316
18785
19466
16773
4387
10068
1162
14015
15081
9308
15851
14580
5096
240
4928
2533
6998
5601
17945
2597
15398
9355
1890
10507
2653
11979
4884
2724
19934
9644
3289
11923
5898
2603
15456
7615
13514
15401
867
412
11540
18586
15627
8540
19145
19823
6771
5616
4545
12435
6200
19891
3752
16939
1121
19437
16737
1230
9055
4668
19399
8387
16548
4802
14332
7765
9367
18866
12640
7203
14569
13643
19919
13592
18421
12137
6834
9245
4179
11464
19056
2405
19961
4925
7827
9495
9173
18727
14494
18226
13341
18504
600
7259
3978
7323
13518
14331
1240
18035
7510
2912
1756
10021
2771
12331
13708
9947
19764
5035
11195
661
12011
11971
11496
570
19356
9343
7316
3154
2857
1576
2237
18245
11998
10274
17732
2414
704
192
9916
16449
11951
7672
14978
3811
18368
5850
4283
12276
3160
8653
6202
10840
987
13427
4870
19401
8234
17749
2907
2633
11240
5164
11338
4442
8392
8096
10084
9029
7816
8921
8528
16577
12144
4872
8594
3711
13732
4250
9156
16235
7636
1944
6301
1031
18186
1996
12842
5981
12260
16396
4296
4030
16651
8182
10373
2442
6487
18474
11161
14458
11523
182
381
15732
8599
4574
18115
15943
14149
1695
14429
9242
9477
8678
18962
8692
12794
265
2949
4776
14557
1028
11417
15916
14896
9932
5224
18386
1179
11229
9215
11199
9091
9773
16708
13023
5380
5811
5676
13291
6636
7727
19980
14473
1538
4765
3311
15834
18064
15765
6995
18264
9801
8538
13837
9650
7368
12436
17093
6913
3613
17518
10032
11000
12317
10418
13334
15283
16077
6426
175
19706
15368
7566
11292
8824
10547
17512
9096
11296
18132
4223
13531
10663
17215
6852
8347
15498
4319
13611
7638
14809
11138
5234
2548
9559
16811
8902
5923
2461
1680
14130
4773
2966
12017
9648
8300
2677
6033
7034
15714
3030
6948
8069
4632
19349
5653
638
4568
2457
6738
6528
16369
2401
18079
15715
12535
11843
11963
13852
14636
2665
5878
6560
15960
8765
14343
10154
9302
12315
406
891
11849
16002
5276
19927
19138
3140
15946
10099
5761
6002
13679
13607
7999
5166
19513
13624
15402
4
2483
14165
15503
5533
10811
9616
16533
15268
1394
15237
6004
2604
16429
17581
18243
5908
2031
5963
11648
10495
6088
10680
8295
16427
8896
17278
13939
2854
12720
17623
3477
17250
7716
11097
12947
11754
11638
19895
12374
8335
2465
9782
10400
18405
18162
11185
18625
3892
18766
7331
17892
4646
15767
3608
2283
12901
14643
16705
14834
16796
858
8500
2411
19039
5183
13975
727
10428
13325
16180
16603
3579
8272
10892
15433
4425
12773
10344
18213
6051
15367
10176
19240
10327
13817
6414
17408
4000
10210
14953
3196
14263
16276
4687
3563
18705
19106
9825
12068
9908
2120
3646
8687
15863
10818
11095
2364
3157
13973
5633
17877
4028
11152
3751
895
19472
13205
16566
18667
17949
17498
16519
18296
207
6260
16436
9720
4740
11397
17360
15172
17054
13498
16572
6463
10098
19430
3842
11910
5725
4194
12474
1822
9503
13764
13221
4424
8312
12025
7447
5581
19363
9049
15059
739
15299
3685
584
13989
5295
14223
15198
85
17416
4945
19762
13357
13694
15857
3989
16047
7744
17844
15930
18613
15194
18689
15915
18260
14490
9850
2796
4133
4446
14895
7931
2111
18666
18123
19164
6069
17006
437
19688
2988
12046
9661
18943
19068
3226
18238
11269
756
8634
7828
15829
1059
1988
16463
9783
17228
18062
6640
18174
1865
976
14810
7602
13485
3115
10319
7926
6210
19498
11171
10972
13335
17824
10081
1034
257
6808
13799
2937
10896
12608
7468
670
2075
6390
5910
12457
19027
12471
16306
11315
11839
12424
5005
7631
6445
4978
2445
7590
3942
18091
18709
39
10023
11657
397
10386
13586
11181
7910
10063
10531
17339
12707
8442
2425
18165
14910
2554
19199
1054
1579
17300
199
6081
12001
16491
13778
12932
6338
4597
13887
13809
6617
4731
13058
18688
12059
829
4138
4146
19409
16493
8732
13507
6922
2159
7232
1516
388
13920
11390
12817
19783
4026
11739
18940
3588
15737
11851
12830
1036
13825
15900
17879
7950
3021
12942
14485
11036
9484
19214
9362
14465
17432
14101
8012
10605
6803
16800
6582
16556
11937
6819
5762
17737
7516
11894
14400
8220
6221
3867
14308
6784
1493
2511
8402
8736
9003
12037
1118
8725
4038
1382
7943
15711
14802
3491
4448
10637
7515
14565
19837
7700
15611
6440
10475
2252
10144
9502
16775
7721
16098
8269
8046
18051
13066
14108
11206
17063
14632
99
18792
10910
2741
11841
8196
14374
8313
8141
16382
2587
4183
2234
10982
9802
774
8097
16203
1906
5283
18991
17587
18431
7479
12043
15724
15391
11041
2910
14156
8062
6853
7152
8371
5942
17283
2832
5231
15030
1224
13792
4547
936
8042
6629
9803
8586
16272
5863
10822
5340
16470
6283
17853
2729
19518
9818
3056
5394
19304
16000
6422
18973
8087
13167
19006
8655
17675
5410
10996
1787
5376
9253
18917
11071
1202
5024
11267
15957
3519
11525
15786
7699
3872
16364
12473
10499
14717
19308
15613
6203
16199
5668
8191
3789
12498
11567
5059
17330
17095
4243
15551
15861
17590
16103
5758
18031
329
17459
13720
19320
9882
5620
5647
13974
9731
6692
14254
9596
13699
16909
6444
9604
16401
15955
9397
7840
431
1191
2578
19206
11787
10851
9769
1388
439
11147
10771
19194
16807
19212
10417
968
556
17625
877
4160
16128
19127
11487
17793
17291
11275
10784
5671
15390
17957
1455
931
17739
12044
12039
18420
10610
18999
7897
12693
19565
18734
10644
19249
17053
2500
6719
8419
8946
4839
6465
3569
3881
19342
14532
10643
8646
10152
17273
7621
1093
10961
8266
10580
3068
17318
17379
9984
15950
13019
11283
12980
198
19390
19254
7513
10197
9321
1466
9848
1326
5782
8105
5176
4407
17073
3475
7891
19282
5346
11907
9732
9188
8120
3950
2944
10968
150
8207
599
9410
6861
5606
3731
5944
8459
5968
1440
18342
2752
16344
15745
7145
14992
17843
10179
5985
690
7919
19930
109
19162
14689
6159
12732
8537
10307
1669
15350
7052
18988
3256
5437
2132
7441
8252
7507
5738
10614
14909
1626
14164
7494
12576
16385
18756
14060
17661
11303
828
9010
1658
9760
94
12106
4119
782
2239
11374
2341
8144
15583
6150
4475
13090
6854
9424
4083
5412
15206
7537
14706
6112
9960
13768
18518
12585
5720
3371
10420
7761
16179
15369
15396
5778
5816
17329
9659
5006
9683
4671
3223
7118
19303
18316
19601
7418
12869
11093
10919
6274
4626
10305
15218
8469
7125
12748
6814
18345
6746
15554
19315
6452
18531
1030
16653
18197
17881
17874
3815
12341
7691
15958
3755
3354
10894
3760
6000
12862
12985
10564
5055
16139
14121
3412
7662
5294
550
13188
18269
4752
17815
2914
7546
5820
1931
7227
13558
6821
7630
9229
17055
16338
19784
6293
16795
6077
8912
11791
12104
8179
12139
650
10165
10710
2971
10556
173
609
16912
7486
19698
12515
1107
11720
15926
3187
7278
5045
1180
12307
13678
11546
3828
6674
15028
2714
10631
3474
17797
9164
8532
19284
3225
17146
10496
5546
14701
10392
9703
2147
4311
9939
11216
7123
4974
17034
8871
3764
5287
16145
4989
17487
3098
15040
14938
134
11285
6550
8152
12726
12774
13489
9444
11564
16060
16625
3033
8340
12464
10355
9634
17750
5073
12350
15654
2522
10679
10238
810
2825
18599
17394
194
11475
17118
4359
6497
6106
15222
6574
14182
15228
19074
13642
14422
11735
6128
6321
7814
3718
9254
8018
6287
9549
17489
15548
2927
2419
5461
16478
2502
10456
19073
17186
15168
14638
17620
9081
12508
15531
2783
5345
15408
12523
17708
1359
4487
1648
5692
13119
14977
6763
10848
9641
16941
15375
13985
3509
15933
9566
7533
13861
14453
16380
1775
17765
11824
717
12172
7804
17313
11037
18219
118
14615
838
18815
1616
4572
986
9291
9956
17500
3200
9918
13590
15186
1464
4972
11802
7803
5635
19213
1469
1374
1278
11266
18946
2625
18293
15107
19275
5144
13131
13601
14181
19940
8878
2213
17704
8089
7900
6018
1809
13635
16078
15411
9212
19264
15528
12053
8872
9555
5928
19523
9086
5246
10731
7493
2098
10526
2195
7009
7724
15355
12978
8343
19929
19944
8865
535
1322
11999
19428
3655
17851
16806
1964
477
15260
6611
5427
12111
15945
10665
3149
16676
16016
18046
14658
1040
4560
1064
5270
14506
5001
11479
11815
19757
8688
9339
11503
127
17592
18912
15276
5684
5215
10377
17682
15442
13462
2353
14614
4732
6781
9532
1700
8636
7810
6047
19630
3138
14051
1150
7076
14427
18996
14293
668
17367
11288
11552
2431
13638
8717
11875
6600
13654
1939
11255
8437
18188
11746
4500
19376
18549
11528
8858
19446
17373
17796
19066
4923
10859
15307
9072
15684
3357
19594
15530
10923
8951
13347
11096
15389
6624
10167
17137
8148
1853
10897
18356
14283
13013
168
14891
4422
8259
19300
1653
6216
15092
13198
5307
14578
4100
11919
9137
6562
2177
14408
3580
1647
13870
10267
2901
9267
15051
4002
10524
14661
1875
2487
15108
11565
17027
17880
12455
14707
16887
17536
1660
3985
13964
5693
13753
10540
3945
14734
305
18936
5987
5569
14574
9482
18956
6031
11434
13771
7117
2738
12007
18530
14735
6704
15899
2571
15879
17605
9524
7351
18585
13519
2443
544
9365
11450
9950
15115
4622
5975
16097
9496
17425
464
18353
5732
11970
3800
13373
12867
4885
19673
13261
8757
11768
10980
12570
319
10040
12661
6523
4043
13723
15532
1041
4594
1751
4963
2158
11034
2611
13194
658
11649
17783
16719
8971
551
12285
13491
2815
7149
1173
2683
9016
17028
4484
17042
12781
15701
8895
8084
9834
9895
18657
16418
14396
12903
5768
10946
10974
4246
18580
15209
11925
14525
2842
3177
18896
13314
8758
11349
75
2472
15626
5900
2773
1534
6370
3936
7185
10873
17785
444
5520
17610
8443
19651
18547
10883
3262
1219
1237
2149
18399
6340
4327
11602
8435
10703
3596
4792
10692
12366
17046
17282
19244
7823
13998
3956
10072
19479
14492
25
15961
11542
17896
9301
18651
14430
9784
8984
6863
17060
19371
11930
7592
18013
8103
19752
10058
17593
790
4704
16348
3081
6686
11823
7007
13790
573
18270
8010
19405
18880
16015
2080
5058
5559
7211
13888
837
6571
9426
379
17595
15982
348
12855
18516
13134
8850
7598
12954
1812
13087
8504
991
13361
13833
4489
11472
17189
11394
14866
19228
1003
5161
4308
10660
7360
13733
18831
11858
2180
5930
9130
2687
700
3914
14988
18535
14762
12828
18755
11994
14250
7136
6976
8786
19839
6920
7788
2686
17674
13262
12527
17722
10664
12479
10186
8697
2321
12349
2317
14946
5179
6921
15420
14830
5216
10389
13242
19866
3932
5950
14418
2121
9581
2550
5252
18918
853
2288
17770
14536
19744
2396
13264
16985
13745
14710
8813
10110
12977
3040
16435
3476
5929
7563
832
12758
10266
13932
850
17359
13585
4806
17521
11744
12581
13015
10746
18047
13563
17563
11722
12073
14501
3762
19334
1757
2220
8075
12426
9752
1600
14756
15014
12580
8707
10046
11847
5904
2081
5480
17165
13543
6690
4036
16617
12252
541
7975
1708
2160
334
18360
19964
19946
3372
11530
14984
775
14620
8826
1194
2427
6039
5532
2666
2331
11992
3865
18920
15657
6350
1439
10174
1079
17032
9101
12316
1084
3799
18286
14959
19311
13986
1515
3944
9804
5994
14775
11986
15314
3903
17910
5687
3627
1273
1373
4495
6513
10510
7589
7831
3514
12719
6117
10984
1073
17628
11445
18951
7962
10038
14237
8254
12237
18030
5362
3899
10037
178
5775
17298
10256
185
16334
16926
5488
10273
5755
4037
4735
18614
7404
3553
19692
984
6651
3479
18972
16643
17680
19955
451
12312
18233
16442
3583
14394
17582
5022
14426
11213
5648
3234
1288
18464
1456
231
4869
9200
15690
5550
8472
8564
12898
2893
5416
18598
5858
1883
1567
10835
4344
18568
923
15847
10406
470
11993
6398
11862
5051
420
151
8090
6526
18775
2368
14841
14134
12198
11155
18028
16004
18954
2504
8989
11983
4277
1298
5305
7965
3979
13752
12476
1511
5445
13301
5086
16254
15647
8843
6500
7632
6388
295
10529
4371
9712
1795
8733
10948
1384
2866
17658
6603
7388
9778
13883
2110
8879
18933
19026
11224
9867
4546
1290
12606
17404
18525
17907
4744
6041
7777
16539
15304
8405
15720
1380
5534
5842
13559
2393
16622
10474
11270
3622
8436
7464
10804
16188
12493
11294
18382
12651
4057
11939
8877
14704
14470
9664
1192
625
8510
3818
11443
12832
17471
2094
8332
11653
6815
10012
19103
15703
9161
13755
12323
17092
13785
15084
10893
5223
12745
340
17611
12086
7426
5066
13798
1078
2789
14828
11245
1917
5101
17873
4333
487
12546
11935
13142
4020
10284
3459
12659
18097
16914
17071
5259
18924
3703
13805
10460
17350
5673
5420
8426
9366
2503
15453
13933
14515
12696
14539
11344
14202
12937
14292
19996
15599
13396
5793
2808
13007
19906
8990
2359
13588
12321
17375
9127
11054
8032
3126
13479
9724
10628
16882
298
5892
14231
10985
18902
4465
18463
4984
6925
19775
5324
8550
10682
13245
7471
16485
969
4355
3546
7234
3275
16506
18708
2544
15747
10977
11348
9476
12034
10635
16326
16456
18298
17662
19590
3856
1539
4550
16541
7911
11695
740
8722
15243
8994
5230
7474
10365
14741
3237
12982
3039
7597
6811
8716
18486
15640
19184
15448
4520
18872
14085
17819
3186
372
18070
11822
14531
16481
3768
7073
15045
10500
9842
18499
19570
3481
6418
8145
17221
11619
3023
10667
13153
666
9237
9989
2182
13853
9967
3156
14206
9440
16313
5911
4438
11074
15780
1547
7309
9204
12141
12415
1943
8683
11103
2002
3977
130
7299
10488
9618
7292
11598
8346
17134
18309
1628
1104
11326
7391
789
14407
2565
263
4420
7049
10119
14803
17645
5206
9220
2749
7562
14059
2433
2790
1801
7126
7577
12220
18930
2045
13363
13161
11248
15478
8193
10262
19508
15470
2869
6678
16033
2810
374
4231
3837
10920
15279
4309
12393
2781
1818
7235
13750
13388
3397
19402
1522
1497
6470
13976
1767
19353
4126
2026
5068
18799
1817
3544
6766
3449
6184
16786
7596
8339
15547
16035
2376
12030
1564
14290
18619
19227
15267
19391
17641
5390
2215
5192
11016
5348
11661
5905
7997
10981
3640
19799
3267
3182
18204
8565
12799
19899
17003
12841
10959
15167
7496
10691
2586
2416
3366
16407
7205
12654
18310
18675
12782
17220
10595
4234
11938
10470
18
744
14227
5781
8487
9139
17627
12278
13813
2562
2146
12771
12170
17677
4477
18778
5759
12785
1420
1264
3281
16781
8806
14052
11073
12929
12988
9405
17204
597
2779
11330
4452
359
11827
10916
1329
7246
10587
7740
10940
8712
1184
6242
3606
3088
3018
1961
2042
9445
10602
411
7031
18692
19738
19012
12917
1521
596
7846
9896
17772
17700
15278
17127
73
7229
7336
307
19366
5337
18952
3155
17912
10932
10461
19774
2669
9356
14476
6553
965
2833
15903
9113
17265
2085
8568
9001
11252
3380
757
18073
8626
14199
9346
10101
12995
985
2058
12297
13604
12264
11188
424
13443
5726
15814
10117
8298
17977
649
10598
15973
4585
7609
8659
14856
2138
15220
3247
2970
10634
14340
19595
13659
6879
14081
13795
17886
9975
4129
16096
12100
15615
10639
15409
4190
8603
6309
18449
392
10802
15677
3962
16738
12724
14664
3117
2640
1451
6090
14919
13737
16067
7250
5763
10819
631
3589
3067
12792
19787
1904
10443
14378
4764
1656
3503
18876
10715
13499
6710
442
10105
2409
18905
5302
11014
9523
10070
18788
4205
1070
18015
3854
19309
2278
11916
18892
15033
16662
19868
1268
8955
12445
13836
5013
8809
11382
3506
10779
2304
16318
2513
12197
11134
17561
6975
16045
40
9970
16707
7517
2428
14789
19621
7710
15480
11936
3843
6333
3559
17728
16206
5847
2392
1945
12070
15178
14185
10432
6904
3389
12759
12332
14067
18124
10216
15601
4481
4995
5830
14691
5746
14519
4512
2798
16590
15244
16403
1639
18411
1443
6944
2348
4404
214
10332
16615
4573
13589
1705
4064
3054
3025
14220
12380
4771
2379
12478
18397
7907
16967
14037
10214
13632
11517
7729
19362
19655
9533
2680
60
709
11012
1353
1580
7722
16018
14591
7326
19040
8246
7949
12503
11043
5691
13672
18459
13376
17467
1071
16716
17631
11848
5753
8793
17695
14552
9389
7442
7848
17212
4522
14288
5352
8559
5848
3902
1098
10707
6936
6315
18747
19261
3849
18502
14392
492
3219
18806
10402
8714
14489
14964
6709
2005
17004
4775
2826
7408
5354
12796
7080
12894
1526
6373
2169
18451
8814
10317
9386
9912
13151
1681
7948
19800
6505
17382
1610
8466
7805
2634
17753
2258
16685
3648
19343
6111
12926
18881
6024
18827
18315
4431
10963
6171
10293
6196
7994
8133
3235
3387
4071
5554
6466
13577
10593
17316
9610
11702
17351
10190
8172
11855
15136
18971
11663
10600
4531
18180
11626
12617
7385
15695
6086
1836
7401
13125
16879
19166
8551
19217
3947
16921
16959
17606
16583
1793
10143
3360
7400
209
2272
16149
12856
10308
5014
914
18801
14221
7679
4689
17878
19736
18970
19997
9754
16678
13686
10020
14918
52
4080
15009
16553
1633
15920
1618
1274
2861
16991
7656
14076
4593
8851
16075
12254
11762
18616
6008
5472
3169
7134
6123
14120
13993
14528
6042
16412
2916
15769
1415
2225
8741
3515
16778
8247
12133
15869
2193
9462
19835
19941
1635
5327
6030
16246
5263
6897
12187
14209
2088
10260
4683
2691
1227
2151
16759
2228
13868
2471
17565
11868
15622
13453
1881
5592
3007
11900
11618
5574
14123
2297
9123
17567
17385
13916
5716
16055
9953
14665
13742
17086
18034
48
12322
15417
19700
5444
7389
13465
2153
17992
15021
3840
15114
5626
19908
10115
10521
6585
2286
5317
81
15762
7748
14158
4761
16336
57
6566
12925
2651
19018
2498
17973
19950
980
15595
6037
15712
11488
10612
17496
7966
14386
9025
18990
18576
15592
15065
10675
3125
3001
5332
507
16085
4252
10728
841
5770
2255
10846
9749
18402
361
2410
16298
385
7595
1205
14118
9941
4159
14905
16589
68
13469
8008
11571
13379
3780
11280
12697
4959
13152
3015
19065
17832
4054
13063
1542
14053
943
2383
9087
768
15641
11061
12216
10011
16220
10705
10933
12205
7155
8583
16866
13181
15441
13156
7293
13085
4651
8889
3271
1383
16167
4623
17636
17893
16588
9624
3165
6754
1245
2674
11758
16616
8029
18487
18659
14617
14908
3130
9539
5514
2618
7684
1256
5266
2747
6496
16946
12791
16971
17039
17798
15696
140
10757
8685
5210
8711
15604
8015
12074
14605
7556
2628
3002
13850
5978
5428
1000
1282
18871
14981
2041
8930
9567
13966
16322
5920
18620
16712
16711
413
4866
3537
15426
8604
5447
2469
3144
1029
594
4539
16702
2576
17657
2573
6085
14260
17117
14240
1172
14500
3190
18503
5155
7006
9203
11586
9887
9225
1352
10542
15660
11831
1640
11177
4266
5493
17914
3404
9800
14952
12250
7138
11988
2709
2880
2377
3052
5670
7314
15865
16913
9214
14044
6825
14045
4261
5784
19537
2684
391
9264
19431
5509
14186
2648
5414
256
17065
13224
1549
13111
13716
16299
16131
12412
1582
974
5579
1821
9580
125
14269
6261
13214
17441
18524
3137
15691
325
5566
11950
18595
1562
19344
15992
4858
1912
19147
1919
15214
13950
499
13215
14780
9815
10690
3201
19830
6267
2126
2547
7281
13721
5139
2096
6830
14008
14338
3669
18467
12520
5810
8297
9594
15020
9866
19081
11363
4913
3510
15149
10183
3997
74
10677
12236
15584
3071
15347
1517
19105
840
2056
1367
12854
15688
13536
19754
17544
7760
15883
4845
11604
5829
2555
13276
18735
2695
11157
18834
7153
9434
3829
17377
3189
13249
466
19464
10077
8752
14652
16894
16514
5458
12255
13003
13891
10226
9383
19856
11144
8478
19976
16257
18768
16669
13099
6671
11313
18042
6167
16084
11640
10394
4098
1631
9439
18139
11430
4338
9007
349
15036
8131
217
14912
4912
7932
8975
6782
5583
8116
19223
5572
4068
5867
8251
16860
938
9014
11705
1305
6483
14573
18703
16303
15160
19968
8163
2354
10726
4123
8900
16006
6818
9788
2862
19104
2678
13192
6883
19117
7481
327
3227
14357
7302
11647
6296
12388
3671
5079
12166
11098
6530
9590
14518
3148
9218
14610
3024
15169
11469
3807
17197
13196
10769
14178
14456
18251
15197
15828
5885
6956
5060
12806
6576
16173
7793
9607
4705
1973
10289
18837
10936
11960
10439
6783
8223
13339
11577
427
8980
1328
18344
9184
17909
10354
18963
10929
5537
3878
16189
5298
8503
4939
1481
6234
4691
7010
19772
11473
5794
9795
19909
19364
9257
4656
20
9748
5553
16058
13710
8670
11659
10701
3631
6074
18539
5510
11055
4269
7206
19429
19128
8580
12357
11258
16659
15372
10875
13644
494
16753
6197
724
15597
4702
15990
17564
753
8338
15803
12440
14352
14210
10582
11499
6554
4686
2001
3686
888
4796
13651
18419
8204
95
1069
5038
10131
7399
9039
3511
15962
3240
7420
10019
11534
11645
8773
11401
12138
17525
17654
13523
14759
7506
3095
3143
4652
7868
15440
4305
3603
8027
11860
6134
909
18733
7446
14568
14545
10995
2269
2889
7725
18994
8676
19369
11353
15787
11761
3127
17814
3896
4880
3026
13471
468
17187
4867
3246
10711
12940
18887
2055
13102
11053
928
3532
5374
10791
17603
4667
6509
15474
3261
15112
4607
8452
13736
12949
1136
5023
12577
2439
19042
606
7017
5792
18209
869
9798
16411
15680
14002
11737
12477
18349
19874
19457
2052
5827
14048
14135
10362
6744
7068
17784
10351
8353
4944
6331
14980
5225
16462
4081
2643
6891
1025
15166
10212
907
2626
19037
9176
19943
19965
13458
18967
7723
19049
10735
10727
15247
14333
7380
5325
19207
10466
6059
9558
7981
16044
3591
10900
18490
5646
370
19245
7730
14471
11608
4637
18326
8682
17720
17075
4917
17537
521
7268
3633
12052
11068
8274
2399
6621
4196
3172
14016
15568
10162
6918
13918
14073
1698
19999
1488
13908
10290
13762
3908
7311
16174
15709
7005
15067
17707
7659
4067
4164
14208
505
11122
17970
11023
6430
1719
17429
12384
10708
19928
4214
4008
226
8158
2510
10781
8607
19276
8390
11715
548
7865
4641
236
3014
12528
7941
14259
3710
19693
8767
1978
7176
9023
10793
3308
9822
14928
7903
9829
248
15249
14753
16790
5134
2892
9457
15929
14923
4903
15845
577
460
9812
9528
3919
2270
1161
7332
12289
1261
626
18514
10224
15266
2593
13040
14777
15380
11783
1289
6259
19644
9682
18192
13045
6555
6947
8430
2010
17119
17470
4634
7000
15525
11944
12853
15404
10909
13239
6169
10877
13366
3891
19509
4798
19100
15410
9694
14676
10967
11250
2780
1855
835
14028
1096
11066
19226
120
17384
12736
5188
8721
18012
4200
2876
108
5743
18194
15872
18300
14729
11446
2897
11173
1424
9563
5806
11557
9768
7398
4478
19323
19485
10760
15
15672
10412
1868
16794
15768
350
17812
2044
9070
15345
14344
11399
12740
10516
6187
17056
12531
11335
9988
1760
3906
8517
3181
5465
13193
14096
7130
10780
13652
16359
1399
19134
3737
10239
10132
12177
11302
16115
11533
14505
10393
6176
15060
8844
16953
10036
9564
10194
8034
12635
2963
12554
5046
6459
16029
660
10126
4927
8331
16554
13197
19333
10576
15666
4117
9159
2257
15887
4463
9530
18893
16955
1776
11996
18445
18343
17024
12164
5690
15195
9298
2891
4145
5072
11433
6770
10942
851
9138
7893
1722
3293
16483
8108
18968
8938
14020
893
4059
2581
2326
14127
1571
1531
19292
5568
10002
2244
8572
6489
17535
11057
17820
9461
8973
3469
9363
9255
7301
2759
16503
7779
12306
5202
15018
5107
7223
9368
5932
10177
5873
6898
9619
4556
5321
14128
19678
13665
7390
18862
13810
10054
2338
13990
989
17994
3085
4932
4810
9144
13901
18111
11117
13725
4152
10321
13863
3471
4889
2155
3802
15678
18958
3767
6525
11048
11
7139
16542
5717
13037
11954
4439
7077
10855
11956
15625
11118
6594
13582
3930
19054
7937
2693
2358
19892
3288
5896
692
13763
19198
7411
11145
19476
6599
4310
7135
11509
14832
17227
5025
16372
16198
18324
1199
15468
5280
1296
18427
10541
1483
14187
13746
2390
15673
14940
10288
18555
2673
18664
18865
11644
12592
1236
713
10792
5915
13360
15713
7812
5631
16424
4367
1336
4564
9325
5824
18849
728
4709
6708
19413
7971
5980
2953
13981
19626
5012
8831
1421
17905
8160
15373
7944
13062
10148
6189
5640
4645
1583
7708
9185
13297
314
19242
19079
14584
10911
8434
9623
11780
18519
11230
11563
5367
12084
1687
15721
19785
19864
9646
13913
19451
7750
3821
13127
8206
14504
17174
7586
9767
1067
3336
9067
16995
7594
4707
7624
16082
18864
13897
6531
2652
13930
17513
373
1951
16767
11412
16777
13183
6410
1052
4383
15969
6048
10449
2156
13419
4904
12295
17716
16723
6029
3013
1058
7102
8050
4337
17669
2264
19666
7350
4993
13608
7587
5962
4328
12904
18661
9075
1663
9198
10973
1914
18212
8890
17308
9813
2885
7612
16214
663
17871
5788
2167
18201
11099
18668
16132
5989
14901
13326
3858
5807
3103
15395
3198
10395
18744
12097
17724
16232
19668
17647
18246
19863
9153
15382
1654
15012
7428
8578
5080
15746
5292
12188
16107
6633
7689
10629
11667
7960
5505
11962
15070
16157
7541
961
517
10522
4786
946
19544
5056
15492
6094
15062
6750
9381
2592
13509
10258
4726
5167
6071
10016
3552
11529
9721
902
7591
2735
10380
11966
19089
12629
12631
3440
6011
11842
6424
4840
476
1272
15533
5250
10684
3222
7588
16948
5399
12787
10633
726
324
18335
19888
11404
2837
17637
17323
6890
4132
8322
9676
7011
11334
17286
3194
19252
6342
19988
10736
8715
11890
1246
12858
16178
1271
7634
9450
296
7042
17847
5740
2894
17196
16897
5998
17543
19904
8454
5405
17585
9380
2242
8536
1598
5076
2551
10723
13417
10088
14785
2202
16581
15886
19482
11432
13383
161
13375
18890
9290
6080
15031
3032
2035
16656
14154
2115
17924
18185
14694
8440
8356
16314
6739
5841
19383
4049
16862
669
10698
10318
8236
6073
9777
11198
79
9585
16874
11680
17578
18750
13877
18380
8384
11778
5441
13122
3146
7896
2546
18529
5531
4871
2329
13956
5248
14571
17685
16632
6551
11662
13061
19495
16487
12930
13208
1694
1498
11825
17102
17848
11113
7004
2095
5678
221
14372
6955
10752
7064
3753
5031
6812
6760
7383
19887
5454
3046
19596
70
16688
14035
12158
2190
6124
18978
10744
16346
4881
18897
19577
5895
8280
18239
12734
17162
16836
2863
6848
1742
12514
17021
8543
1410
12984
16323
3951
8028
1333
17913
12083
9097
10199
5764
11709
4058
7850
17808
2106
16237
11359
8427
5212
19191
9637
14888
17562
1208
9893
16504
19381
18023
18536
14702
12324
5393
6916
10464
2201
8545
5748
15308
6495
7083
784
5615
16963
13510
16655
17940
10590
12302
13420
18425
14696
16133
18127
14099
11650
14538
7419
19142
5680
19896
2584
705
9569
1051
3463
19945
3266
12028
10435
1686
14935
18429
6859
16317
7256
5696
12004
18145
14651
10331
16856
18656
3089
1365
19306
16300
13248
10410
14581
11239
14577
9874
1803
13815
7947
9205
16140
3604
8874
18847
13098
8969
2875
15364
254
15117
17442
18141
7366
19682
17624
7785
5219
4936
7489
14230
17664
10181
14879
138
19542
12218
6240
7922
7665
9977
5460
18601
3692
1724
10433
622
12632
7813
11309
9622
8491
14232
18130
5494
5435
1371
2124
1570
8799
17983
18761
3203
16068
2470
13655
1666
10596
15370
3964
8368
18910
5780
15026
17276
6439
14450
15385
17245
4751
2787
17214
5655
16260
9635
16845
7387
1013
6223
6233
9179
3697
64
16027
19981
13049
1134
16624
18808
7719
15371
14030
18172
5964
10455
8490
16516
18401
11850
14628
19440
3080
2882
12333
19624
12621
10546
5077
13513
15741
14111
1414
15017
2311
6762
15264
3327
5016
13620
18860
15808
344
8600
1495
4156
13129
12923
18602
1436
14316
2560
14744
2743
13425
10357
18133
12346
9584
15274
9282
18673
8561
2948
394
4471
6826
6347
9334
16053
5434
13359
18207
1109
12085
18105
12789
1934
19528
18178
11383
30
11308
842
6403
16748
4191
11368
4803
15156
9235
5872
141
4379
7853
6139
15884
10533
19614
18959
2658
19684
11904
1026
4019
4336
4272
18537
15161
6838
7633
8501
10451
18333
11796
14406
279
15894
15189
4062
1022
126
4177
17918
2570
8479
4762
16535
12300
19048
11128
10662
5344
18262
18027
8227
17792
19894
6793
5075
17010
6241
2375
2765
15552
7697
19259
806
14347
11452
8240
6822
513
8893
988
8113
13580
3565
5301
11333
13391
17262
14295
6655
5171
17253
1851
10913
11755
13356
10899
7500
2327
15572
10447
9905
2007
87
3384
9933
12107
10674
13175
12957
9835
10762
6610
1425
13504
3662
11805
2700
18436
7952
1362
18485
6322
17171
16930
15469
582
12202
15376
12601
7531
13724
14328
32
6130
10789
19280
960
17807
17033
4509
10407
4306
16229
17782
11189
4825
19715
15846
9487
17143
9527
4401
14001
12824
15620
8342
15226
18797
6564
3207
14899
3961
10826
17780
13758
4171
19691
264
16266
15902
7982
13110
16104
14393
9627
856
12812
7504
16831
14987
17311
9796
1990
1892
2740
17990
1090
13706
10832
7819
2991
955
6992
16714
3623
5009
714
15820
4834
17548
4566
13338
15785
6535
14145
4851
7219
17058
8213
18542
15277
4863
17287
17774
10704
8181
5983
9586
17083
19182
17822
6330
19818
16175
15668
18415
14249
19745
15860
3839
2552
5433
18002
5774
19689
19711
19758
1486
17671
9534
9033
14540
11314
8053
2209
18992
11924
16957
8575
1062
8709
13865
10017
912
6895
12509
10816
7608
15163
3586
5411
11952
2629
11215
19649
13455
13992
10775
17840
9340
875
4050
16543
18426
18780
3131
19146
7033
12561
4101
3202
14472
17902
19791
5535
10349
11943
16570
14768
1842
17497
12270
9856
14324
7172
19272
11616
7980
8857
9814
3615
13525
2918
12557
8652
16638
13247
8063
3152
5955
4085
17640
8991
18732
8318
13873
9526
8978
286
4969
19329
4351
8972
10849
10372
16981
1545
9262
11595
17115
5598
9501
2039
12224
12099
12920
19575
7734
12516
1422
6451
7509
13784
10469
3539
6606
17310
8875
7942
4400
10203
16236
13147
11222
16255
10228
4591
3129
2530
1843
9892
9395
8845
14779
7328
15128
4402
18873
8935
17678
8522
14746
2899
10281
18432
2447
10090
3216
4916
8110
15587
287
12518
13835
14036
15907
2102
10204
10403
9843
10697
6034
6332
16490
358
17023
5363
3673
1828
18596
19713
12379
5947
1697
11556
10452
9756
14423
2200
3093
8052
7749
10340
98
2823
18740
10367
15998
8381
2142
12500
12303
13042
7880
18492
19091
7545
9398
8319
13072
1581
7747
6873
13466
1918
16209
13952
16228
12124
14703
4245
5618
19337
6988
9665
11833
14080
7165
4542
18852
8264
1877
19480
3624
2446
2516
15637
10636
6583
21
14319
4394
17485
15802
8855
11366
19434
17456
19085
18173
2877
1748
6622
1992
12413
398
7096
1528
5595
15897
11306
19250
14993
543
17280
19664
7934
258
18889
12722
19033
2699
3087
15515
4896
4747
5555
12101
2289
11410
19559
9258
876
9304
10382
11854
14039
11617
7245
15596
5682
16102
1601
4973
4827
4640
2366
2807
19452
11717
3488
12
11002
5864
10551
18647
6985
15934
9000
7644
15971
12814
2509
6866
557
19605
19256
7287
7833
19002
9593
11207
15634
15103
19676
13597
11116
3861
18101
17082
4720
1190
2413
18231
17816
2438
10116
5665
4429
6055
1276
13862
7977
785
7129
1758
1166
2954
19653
2105
14794
12469
7012
13014
4586
14362
6415
15377
5304
1591
18063
6596
7957
7392
17634
16765
4114
2764
6101
4317
16892
9283
10195
2256
15047
11866
15190
17272
6304
17730
6522
19168
18641
428
9971
2667
448
8484
2342
491
281
19730
16332
13267
7551
11623
15326
7124
19148
3931
1117
695
17932
14932
13702
1324
12227
16739
393
7056
667
12756
7021
11170
14358
15650
533
4229
5990
15487
16305
18805
2324
3497
2260
11600
14200
2137
16030
5729
408
2456
14705
346
9026
4950
623
9065
7271
19209
3958
11210
4843
17178
17267
17823
149
16945
19406
10138
14765
2884
4630
794
755
636
19665
11885
821
19293
19545
17440
4451
16213
18508
11928
16872
10539
19740
17074
4300
14757
19884
3214
12118
11913
1846
5131
15938
3693
9347
797
14526
8126
5084
14077
19905
3557
14991
19460
1250
17493
8109
3943
11840
3432
795
691
12310
9473
4434
8840
11378
11933
6941
17109
10408
6243
3427
14842
15146
3990
5881
3313
17014
8937
10079
3724
10700
9236
10482
8616
15454
10463
157
16552
16990
3909
10322
16468
2556
3540
13780
11322
16486
729
19501
2990
6307
16769
17044
19910
1986
33
2898
11358
791
6145
1586
8377
4679
9651
5549
14449
18885
13418
9060
15011
14716
18559
4868
14401
13138
19903
1308
9994
9745
6284
12914
7695
5926
16524
15606
3455
3411
4833
15801
104
5358
3761
4178
13000
10876
19102
2303
10939
6179
749
11361
15659
17436
9519
5040
16558
13890
8078
6590
8873
19171
6687
6939
19604
7806
14726
18370
11931
8020
19576
18406
7758
13914
863
285
17694
18861
15981
13731
14714
13748
5937
2730
4348
16698
18793
12829
10583
18469
16942
8294
14598
1101
13841
5468
6943
19047
7501
11191
2814
2350
5809
9211
9991
13610
19634
994
9090
10193
3536
7277
13712
19526
2777
732
8754
2853
12241
3483
2065
2118
8686
9645
15360
15725
18628
13230
4324
5539
12468
14162
13894
9870
6774
2605
6485
1039
3004
19849
17354
11108
3441
12683
13021
1347
9923
8560
12234
16091
2287
1886
15565
11058
10450
8306
177
14913
19484
6289
14795
1837
13330
416
12737
13858
3868
13407
2935
15815
621
14168
9894
18532
10944
7105
4716
6168
12529
5617
15555
12356
9115
14941
8287
4354
16793
18292
14973
19025
11801
16569
288
9322
10280
7037
19177
4436
14299
15686
15608
14047
15682
1462
721
13695
7687
6688
9540
13071
13493
8917
16673
8970
19475
8957
16613
15824
11990
9114
3870
18087
5256
3582
519
6103
10874
8613
3108
11508
14522
1448
7990
16113
1599
6147
18523
272
11094
12574
1741
18566
12573
7330
4565
6335
17884
10827
9085
16474
1554
14225
18533
3142
9841
11414
16873
17168
11857
14369
10457
1976
12880
15794
18605
18749
9550
15699
978
14763
8807
18004
18242
8372
19803
17989
12877
7396
7818
14228
16704
8464
11497
3845
16253
8285
4496
2205
9565
12587
14310
15791
16549
1813
3299
4970
2459
6491
9810
13828
5417
7902
6026
13844
13711
16560
5750
574
11407
14071
15972
13372
1773
4801
7972
12459
10422
10885
16327
5632
12076
18717
19028
19652
3574
18038
14281
8668
13666
3814
2429
10448
16432
1840
7204
2070
13159
11319
14521
1730
17566
10302
12548
4293
9598
16521
19345
17111
13874
6005
9394
11029
12428
4519
17234
4536
3100
6650
8546
2557
19806
2307
17213
3707
15144
5243
6532
8288
1127
9696
16987
15536
17181
13178
11190
957
6089
9757
17040
19660
17120
6316
8949
4818
9781
769
12442
19801
28
11477
19295
10770
16562
11991
18660
14046
15726
7115
13253
5109
13564
10003
8393
17201
6345
7048
2636
18848
18798
11940
5836
1047
19222
4511
18032
2770
13164
12530
18190
12671
2675
7604
17142
13478
490
7886
2194
12193
4372
15297
11125
1045
19819
1423
13505
14750
18743
17532
1472
5798
16902
14151
5796
5884
17817
243
18786
18590
19703
16356
8883
8719
19925
1764
18263
3912
19788
4523
17048
16190
3057
4497
19857
14690
13516
6929
11995
8658
16270
5285
13690
11945
3310
14826
4990
8763
10108
9009
6752
9672
7857
15273
8882
8633
8777
18839
8557
9573
8620
12378
2723
13689
19382
12971
4295
6193
7122
19139
17410
15027
9056
10651
7015
14247
8593
19505
7514
16710
1568
3701
18369
5853
13530
11126
19090
13911
10688
17445
5017
6441
8756
5106
7069
18008
7166
4508
6813
18845
6607
18853
18895
7276
6096
3864
19742
18611
14806
2276
13823
2454
5875
11531
9537
5010
6991
1507
9077
16592
9613
14837
13132
19636
8359
14304
11455
18521
12214
10975
3394
9509
13200
593
12863
7905
15089
18498
8289
18331
6377
18106
2521
14124
12154
13343
16770
16263
11859
1303
383
4237
13830
6401
12033
9693
19302
5643
17889
18371
13381
1020
6226
1209
7866
7712
1141
11708
13626
9008
10575
8360
9265
1972
17175
6272
3974
11516
1177
18021
18117
15207
14666
11026
17150
1287
14277
8605
15320
19045
15455
4907
5379
12438
8085
807
9727
4157
12545
873
14625
752
7322
19675
7605
10151
15812
18364
19046
3120
12026
17794
18348
16988
13273
1527
4396
18822
153
2851
15859
8320
6673
7635
4838
13092
19358
10509
16645
2797
1523
4935
9978
16148
12045
19418
4966
13027
8495
19639
10295
8579
16297
2093
9427
13005
6694
16212
1461
12648
4812
10938
13829
11997
2232
3478
6806
10536
1957
13676
17519
19330
11756
16672
58
996
11589
18391
5335
7521
2682
1509
14381
5984
8057
2649
11675
17507
18176
3092
16226
12935
15118
8720
8064
17079
12456
2374
11631
10200
15258
4307
2579
11200
6588
13951
10171
6613
6303
19123
9297
9459
15839
10222
14713
15290
1671
13387
17290
19465
16221
15201
16443
11461
12751
12337
7477
11402
5403
8790
10263
16144
7736
3940
15356
15183
15983
19931
6512
16735
14278
17397
10927
17203
16973
3485
11428
15215
13246
12140
9296
1046
19173
9351
8336
14878
2436
7406
736
12753
16201
12747
11346
1963
16611
5902
11789
18061
8323
1738
13520
6104
17734
1623
13257
16195
13311
5154
16242
9733
16431
5713
4981
2171
2168
19992
13238
15311
6851
18199
5221
19375
9244
8868
17997
12950
16301
4590
9216
19560
8271
4778
4303
6432
12049
6855
5708
9729
4051
956
12986
13715
15181
6556
15850
18842
866
17103
9976
5685
8278
2890
10034
18218
8477
18948
18236
19004
5642
12593
4347
9925
10437
12437
4575
14447
6268
10978
10118
18275
19790
9387
19458
1657
10952
9276
6653
9820
16141
14428
6973
12431
8829
13969
7702
13266
7776
12784
14733
13430
7523
16835
11142
18414
17589
17964
5011
9844
15776
9423
8590
19836
9106
9107
16488
4887
9936
10368
435
11268
12169
9963
3102
19013
3893
17547
11323
13351
19854
19974
14103
18392
19855
11681
1869
18055
8918
5469
12534
2477
1238
3272
11814
4534
19985
10658
5375
16227
2671
7395
11146
5271
3963
5638
4967
8521
9464
13515
3975
12844
19499
4663
8529
18987
8263
9904
2637
3775
3385
12694
939
5609
7808
13114
19599
19442
9772
18669
4836
14720
16200
5422
2645
10532
11776
11513
11543
19450
3218
19235
5487
13390
6114
9142
2784
711
2829
7236
4638
5277
19580
1955
9966
2251
1830
1320
13927
15234
1475
3420
7178
12695
10550
12010
870
9088
11554
1063
16087
4609
115
9268
17372
17861
16202
11853
14566
14868
17642
16408
15953
14436
13524
10722
5586
2758
16014
19629
2594
11169
2794
1099
423
9048
17107
2904
3038
8915
7288
8180
8115
14697
5475
14624
10027
4933
607
4155
16700
6569
15996
15633
2175
14622
12911
12238
1548
1457
2013
1376
1585
15306
14619
2301
15619
166
6027
13609
16601
930
18131
19589
10528
219
6038
13912
9069
4055
10170
5440
4267
4898
15689
16586
15868
17274
9222
8999
7460
10309
1076
8122
7676
2372
8169
9761
7264
5355
15432
47
2959
17037
2019
2710
9878
14049
15384
16639
17858
10654
3208
14783
471
11324
9614
19585
14129
2482
13744
11665
8173
18473
2485
13614
8791
4041
2630
2450
19533
9287
6565
6449
12505
19097
15387
17122
2068
12173
17345
15205
5320
12975
5226
19155
15793
9289
6290
19876
15513
7171
13409
3302
19119
2951
13130
16061
17464
7987
14276
6339
11236
6236
14218
17258
6164
2952
9617
7046
16534
14437
19680
682
19421
16368
8357
3457
7016
8943
3804
9178
7275
15262
743
14840
3632
384
180
322
8792
4186
10544
16168
9194
8820
13093
12767
7230
14906
6265
15854
15452
3464
3967
15087
7290
10812
8070
9535
16151
1946
5199
7424
9554
6144
3465
7159
14831
581
19243
18265
315
14481
7688
4127
15710
16021
277
19317
3770
7652
19178
6745
19936
1844
16670
17827
14790
16757
3351
18086
16410
16065
14224
14812
12114
6538
1168
5198
1870
4097
7041
4736
1629
11699
18879
11375
2403
14335
12664
16526
16426
390
1266
17303
9657
5071
19845
2631
1452
14900
13126
1453
1375
4804
17542
7327
11763
2071
12062
12633
4363
9951
14927
9631
19114
2955
1909
17484
16285
17364
12421
18979
19551
17712
618
3307
3678
9930
1650
8474
3373
4193
9512
6493
6758
15832
17029
12398
4815
16017
13979
234
2339
18723
2753
617
5814
343
10545
17081
9643
8914
19816
15594
16124
2127
5776
10807
9599
16003
16899
2722
13859
1299
2274
14601
11861
5484
18019
5288
3558
12041
7448
4464
10112
13953
1413
17600
1728
19697
2994
10445
2515
4169
2745
3684
6061
3003
11111
14404
43
18877
63
4417
10137
7535
11539
18234
7906
1684
901
9421
12066
12802
3374
3171
17723
19889
19640
13739
10223
18652
6381
7746
3337
15804
10638
9316
16034
8455
17349
15511
6486
6714
12231
18570
12710
12502
3174
5657
11941
9633
14999
18593
11456
8308
5697
2887
6789
1535
15475
13696
8784
9700
612
14954
17993
2987
18261
9251
7532
9531
19211
16749
2981
9311
13434
3609
7536
4832
7307
2563
17594
10095
7490
4208
8544
801
14359
12199
8233
3359
13094
7184
10809
1201
13433
8805
6816
6833
6132
5856
13788
6405
6364
8189
3141
1546
1636
958
7861
7791
4007
2444
10388
12497
19756
18352
19825
6953
10462
2198
2642
14175
11289
4611
6663
4470
6425
1589
1740
7778
19112
12703
456
802
9888
16863
5430
17963
528
8846
4084
7607
13941
13484
15171
8412
18558
14298
5854
16399
9402
10405
17407
1932
8463
18947
19705
11594
3151
16665
10928
6472
3489
6136
1782
3810
291
13533
15835
8334
13730
2638
8581
10557
8265
5777
14354
12082
19489
14363
1135
1608
10772
7904
13838
549
11782
19438
18182
2323
4654
4384
3241
17435
1979
11743
4078
16780
5754
9959
19107
4370
6199
7887
10998
5196
3232
8304
15781
16308
16640
1550
3401
1856
15140
7472
11821
14996
1460
7024
13579
11584
3159
3638
707
4353
17833
2082
778
5970
1426
16059
6886
12614
1533
16357
2694
11175
4853
9429
14967
18081
3928
10298
15155
17129
19258
15097
14915
9206
2924
12564
6135
415
5565
8880
17089
17135
14925
8747
9770
15068
1959
4897
7888
3297
11877
5067
8420
10508
9058
14969
19555
14094
17207
2742
4784
4501
261
111
11030
6878
4588
17490
19616
2960
5173
18760
10890
10863
4899
7614
1644
16843
1311
2038
1530
5315
16996
9271
9655
8221
19359
3668
1898
4582
17418
4777
4301
3105
13342
14092
3507
8013
9102
1727
4199
19310
11882
19727
5401
2859
9442
3486
202
7576
16476
434
283
4557
1496
3078
18804
15254
212
13411
17795
15848
1747
11470
18670
2347
14419
5264
3139
12261
18053
19024
11466
15339
4750
9021
13436
2455
13444
11193
11706
12239
3809
18317
17736
5967
2315
2860
12150
6712
2219
8424
7403
4576
9441
13203
4158
6720
7898
9996
19061
4879
12517
10242
1160
19898
18024
7372
9695
3502
17766
14727
16370
16339
6328
9817
10720
8584
2292
10356
105
16695
9805
3538
5042
17906
3887
12916
14233
16007
4729
11582
18077
9483
9500
8111
10361
1207
1717
7637
10364
5142
720
5710
19848
14495
16821
8635
6238
11299
3361
2037
3184
2527
2238
16758
6977
16896
13548
9854
9726
4292
5004
4742
3888
13568
9449
2084
12731
10219
12597
17569
17008
14659
3970
1780
12212
5124
5000
17088
15581
10947
6579
12786
18163
7963
12120
15225
17788
19278
13846
19622
889
5213
13760
8615
13957
2606
18513
14435
4011
12417
2679
3832
12979
18636
12964
843
2204
2352
11387
17681
4996
17190
4103
9717
12056
10476
12152
6978
15061
12847
16358
15041
17743
7194
5273
19229
67
10506
18509
15782
18654
7996
5284
17894
7650
318
8694
1474
2378
1839
11261
6736
9794
6474
11514
3116
949
5103
9909
6198
16438
19179
3836
14513
17882
673
9667
16992
110
2067
15560
13365
1788
558
4340
6115
13619
3255
19739
17719
2236
7386
11088
1555
8268
4627
18510
6408
11502
11271
1197
9054
8775
12579
17771
9226
5018
18374
11130
9177
3134
12655
8112
2800
19766
6950
16671
12179
18078
10
1833
19122
10341
534
13541
6056
13445
8369
17656
6748
10838
8548
9911
13822
1893
9430
7289
16809
19582
2117
5269
18769
5706
12280
9182
17556
14848
8941
15025
1110
16683
6892
14066
13144
6951
14184
7821
8887
12301
1397
3644
9197
16612
6534
5275
16746
8649
874
15223
13346
3590
8823
18159
19725
10133
9860
17371
10882
19869
19186
1038
17864
9099
16038
14736
13928
1396
17632
19365
15191
538
1325
7062
5839
4031
10248
3983
1685
7599
4197
6417
7491
139
18501
2612
9002
12871
17830
8123
9309
18303
16813
1980
3721
14600
11896
4045
16433
14634
10622
15159
15248
15316
11636
9131
2524
12174
8595
19412
7601
8585
10207
144
640
2003
14311
17381
16248
2920
4785
18541
12912
10453
18679
13177
13751
18633
17508
17180
1411
8212
10059
6540
8214
11009
7196
5624
16419
7345
11400
17503
10888
11863
7852
3886
6392
3549
5336
18442
15386
7095
5443
17546
7150
6431
12460
11813
5156
18112
15740
13924
6254
5662
9374
18365
10423
15600
11678
12304
6264
6578
10465
19548
3614
1941
9117
14421
7799
19805
10257
9168
5450
6683
3955
13403
14772
8352
3342
7443
13080
10213
11982
4389
12760
18441
19233
12360
2036
2997
10147
16259
1558
17888
15148
4865
17061
11158
1390
637
16252
10581
14478
1449
8290
10749
12123
4587
11380
6608
4381
12902
6250
3048
3819
13942
9826
8819
3329
2720
9746
4847
11256
7979
18384
3625
16489
8431
16105
18528
12113
11137
6244
18728
7570
8074
12768
11150
9246
4153
4428
7973
16467
14971
19515
9493
18493
11590
2050
913
10742
14229
275
15176
1478
2249
4781
3422
13398
12263
13878
16847
16956
3576
9597
4105
18143
13148
13575
124
5232
12551
18328
132
4824
14270
12411
11606
10798
19606
16153
5217
14742
2402
3454
12079
13796
12652
4753
19461
14463
7317
14725
10188
5482
5666
3838
7026
19277
3058
6320
14329
5015
11004
5102
15236
6874
10490
5478
3444
12776
12268
8423
12690
19163
1089
8450
1981
17850
5229
17791
15337
2529
15101
12089
9136
2707
