8676
1103
10903
10031
4621
1621
7583
8911
10810
16025
5552
2882
17839
6503
14437
4401
8348
10855
14842
14899
11636
16188
6045
17175
17377
9218
17552
18818
17982
13922
6104
168
5346
18322
999
14181
18452
7696
3813
18773
8524
18791
10857
1615
9640
1374
3023
14890
4465
4749
2640
13818
14514
10464
17613
4275
14441
14119
19292
98
5031
5772
7782
18984
5325
6361
5549
18507
7574
19696
19306
19170
18705
2255
3489
7771
19856
4667
3386
13346
1586
7243
7272
15811
1893
17049
4332
1190
2383
2834
7659
14367
4523
8761
16033
17745
6569
2346
18522
6899
3228
15759
3383
1398
2786
448
1033
11198
8610
14433
5593
5134
4961
179
15174
6426
12617
14696
11464
3002
2522
10470
4482
2766
6509
11133
10695
1216
12869
6314
16216
12052
14645
5190
16850
9464
1426
17830
15197
7234
17761
13306
16731
1723
3953
17852
9980
17988
7206
11328
10980
2483
9456
1359
10838
14250
16667
17862
5133
6429
6882
15272
10361
10364
11625
6642
1896
16434
4441
11296
1702
16821
3086
4162
5648
17296
13914
10620
6243
19942
16081
5606
16040
8202
12932
4845
9469
12829
1810
7874
6387
15437
19111
7802
5852
11076
19815
2170
458
1987
12262
9802
11260
12093
15500
13441
6740
18923
19152
11152
6108
3798
10719
13848
13516
6723
1722
18876
13580
13504
15232
15321
5641
16643
8813
6373
13862
17919
10526
8538
9230
1525
6725
4166
14777
15616
8244
11702
13994
11709
15655
4024
11829
6158
12164
15046
1370
12106
19390
17357
4579
14815
18376
10905
5582
5465
428
9422
1305
1243
10678
9344
10372
6545
1292
3392
3437
13742
10936
18373
4083
12144
3911
440
11580
8631
28
14340
19939
3855
4860
15122
311
3319
2275
5027
16375
6400
13541
17233
18324
7800
15230
5847
6093
8364
8719
17936
6742
7097
15831
16653
10833
15623
19278
16554
7278
9545
11155
15338
713
3488
4932
17276
8523
4742
7909
4301
6376
1094
13172
1221
10999
18062
2328
8250
9738
3642
7300
17749
12608
3179
21
5753
3783
1207
435
924
7050
6703
9719
14577
18921
4935
5389
13339
11706
18199
978
19985
13629
13523
3422
1251
14005
3515
18785
6372
14623
1780
775
9992
8795
8147
15434
16162
14362
17595
10301
9375
15131
17565
12700
10926
9560
12730
17304
16166
5101
19885
3889
14944
12422
8775
11571
17176
16586
15296
15604
7509
10452
7059
11918
12592
15164
3669
30
1335
18612
2931
5791
11181
12663
14845
531
9717
7554
12531
9895
19573
13721
14017
5770
16744
603
10019
13002
10850
6680
13885
10626
4883
4744
2160
17132
954
10830
2350
3217
14099
8320
11780
7982
4164
7967
17434
10356
9745
2343
11854
6688
1850
5571
4261
6118
13173
7092
6835
8170
17169
1140
1275
10466
18611
4434
12874
213
2939
9013
7332
13668
12774
15059
17488
7144
19771
928
11635
14773
18437
1405
4135
19668
3145
12723
12784
13979
17682
7811
5522
4581
13576
17452
2804
8950
1004
14977
17
19869
2543
9611
2583
17392
4449
6126
18027
7064
12575
11246
10355
14286
2395
17356
16880
10516
13907
6301
1879
12044
12337
10582
4907
18949
2625
14811
8437
5200
10152
13571
11818
3594
18317
14449
14974
13113
6860
10852
18197
9595
721
10727
10061
15722
7466
12119
2631
2439
18601
10381
9937
19379
17653
16594
1201
16758
12614
18412
2370
2665
19383
8671
1845
19664
3864
10218
10606
13723
3096
10751
15530
7630
376
19054
18399
1832
12023
8326
6836
7762
8036
12355
3407
791
15036
17147
10587
11459
13597
19970
12759
11776
6481
8785
5112
3848
3507
2214
7
4715
4601
16117
3851
18205
1699
17395
6231
1163
11701
6952
16049
14615
16703
10877
1309
12838
13280
15952
17906
17905
1185
10876
16882
7407
2828
11045
4966
15801
7028
17282
16222
18812
4539
1133
16518
6955
19889
3769
16388
13107
1477
6738
8811
1160
18903
8560
1137
11482
549
4350
1672
18142
6116
7565
7648
19326
8983
16737
19203
18714
12698
1795
9202
19915
11935
14239
9434
9844
14556
10763
11258
11245
9363
5362
17547
12985
12837
3774
18977
7204
15948
2096
2446
17004
7890
19459
18022
9829
12348
15559
8224
18106
8908
89
363
12050
19417
17306
16042
6001
7599
9695
7755
1673
12661
10342
7073
14149
1808
167
63
2427
2519
15269
18789
1248
10655
18725
10765
2267
10586
8474
1707
9527
16887
14333
10288
16510
11574
5019
15158
5473
5496
1954
11169
13493
19976
19525
16205
11077
18764
9853
13253
17818
453
17180
14887
19149
5924
6233
8332
13026
15121
8573
5881
80
10878
12734
19185
15544
72
10704
10316
1365
1966
274
4018
10267
6819
79
4960
9179
12273
14014
18441
13918
14668
6544
3427
6060
18728
4826
3243
13715
6425
8114
3122
13774
5396
15312
14675
18695
6138
8506
8984
18439
11085
5683
61
4859
3446
2542
10388
12056
19893
15367
11284
18353
18533
2471
15460
4253
5892
741
7068
13328
4285
12403
4053
2820
2141
12767
7115
8141
4521
5489
276
10377
3999
6926
6693
5061
7787
15809
6862
3208
16332
4120
16014
13917
17504
19389
12691
9236
6003
17870
16485
2570
18152
271
12430
1232
11819
2914
12689
19750
2463
19302
15897
19062
17902
18307
18030
16144
16197
10560
17254
10148
3268
834
10879
2327
962
15893
13117
8576
12569
7490
6971
12129
8754
15789
5511
11349
12501
6607
13934
14776
18512
2118
9167
14110
17825
2691
4942
14990
3424
9347
1304
4603
19367
9814
12790
14011
1930
6099
19235
16085
9608
13626
11596
18800
14493
3222
16159
9503
9521
1170
5366
692
5258
18588
5529
711
11991
16982
17190
11396
6788
1178
2506
17752
8821
15504
9880
10032
19633
1558
13487
19818
17100
15171
16583
12039
9129
6915
1289
7475
13828
13929
7614
5124
14332
14657
11626
18449
6141
1746
13905
6405
17070
12582
18248
12121
18865
15289
11131
14821
13510
13529
8602
3209
9662
13406
15199
4757
12294
5264
15735
17961
12813
13615
7125
12349
14737
12855
18377
19146
17077
1523
7186
12514
475
7372
15285
14294
10462
4928
10296
16481
18698
4351
9607
19194
12690
9144
12643
8068
7083
2447
16697
10429
13578
16422
11667
2979
15147
15899
3745
11789
4161
6749
10550
6794
18168
4999
7496
16687
8582
17138
6175
19398
13083
3236
15145
18660
14238
15262
18384
1362
6044
12782
17359
6208
13348
13830
15362
2512
9217
16315
17871
3719
558
17645
1415
11738
11292
18227
16194
4773
2806
1227
9015
2176
18884
1750
2499
3252
324
17498
3414
9101
1536
3913
7873
16386
2035
4567
18082
6750
11407
16668
6173
10149
12429
8665
15350
15938
9875
7325
10794
16828
17528
16918
956
12768
2367
3276
8345
19282
15099
3890
4455
9497
16310
16660
10155
14929
18670
16079
17416
10497
2390
19775
11802
2270
16990
18739
9817
2564
4598
15635
4941
11763
8809
7853
11285
2518
15444
17612
13228
9102
4232
13281
7130
11848
3636
6017
13086
6014
13174
13507
2599
5208
16519
2355
11373
15244
4096
4133
11149
7585
13103
1046
12377
11330
10409
16842
10184
19460
7769
3734
11311
10114
18941
8334
19988
7096
3050
2587
7226
7747
12084
15664
15951
10617
1667
3452
14063
13246
16818
19529
16570
11232
5502
13242
6521
11114
26
7211
19972
14195
15781
17324
10612
5285
6790
7642
9810
17334
10450
1813
2339
6132
11938
14187
6249
7238
11450
1286
14427
8954
5861
8593
5950
5431
17201
9783
12234
4064
7176
16268
3423
14055
18044
12011
17183
11134
16838
13329
8283
2576
2822
15469
2024
18296
1253
10057
5689
14221
2500
2417
17628
88
11312
16561
2438
18854
10665
17225
12742
14309
3789
4948
10335
13135
13273
11489
14554
2842
466
9968
12705
12029
18136
6430
8285
8936
456
3721
19385
10642
1733
6620
19564
431
5467
6623
19236
2286
18514
1681
16545
18722
18084
3711
6528
8033
18434
7712
507
11225
11008
5177
18959
2899
8222
3952
10535
17092
10946
4671
9037
6893
9830
14403
1901
2193
14709
15802
11093
17933
6303
4113
12013
4226
19594
7468
6720
16350
4735
4834
7932
19811
7011
12258
15576
3485
19336
15703
15263
681
484
19047
14329
2385
13570
11404
16761
5585
1941
5879
7266
8588
351
1001
12206
9777
14430
16791
9473
4298
5519
10672
2901
2161
691
15534
12884
600
13202
18659
18953
13559
7166
14992
13604
10051
3533
4924
10310
18186
1597
13915
18754
18067
4327
765
19463
15814
17792
6546
13473
19426
9203
18216
12420
6914
10738
4367
4988
5102
10797
6574
1428
16467
8162
17376
442
9541
11573
13785
18026
11385
19721
11913
5516
1972
6226
13515
10648
1458
19676
6597
11379
6781
2582
136
14275
16514
10158
15107
12795
1922
6932
2805
9714
15236
12944
7473
12191
19295
2075
16219
7567
19474
123
11084
13136
8589
16465
7679
15692
1337
11497
7958
7615
6864
11909
19739
12365
14485
9018
6453
824
13872
13372
8721
12082
1356
575
3346
11410
8973
2380
15828
13342
12763
19599
9855
7075
5191
840
14726
18622
10012
13350
7794
11299
17208
4996
16486
2951
11614
2382
18879
6586
1462
1527
6389
754
12983
17977
13531
7735
9492
3540
16740
12913
14978
4532
18361
236
5249
11695
5829
4191
7738
4615
7251
19649
18480
1486
17389
4325
4670
11470
5780
6706
11499
1719
10059
12800
6390
4997
627
294
11104
7418
3931
17390
17987
7507
12787
14052
10520
9749
15196
5403
15886
8127
15259
9244
4729
8585
12109
3176
3632
11505
8679
18015
7981
998
3619
18220
1800
5478
17193
3780
2149
19756
11920
14687
2300
10901
1138
6177
18137
9237
7732
9697
13385
14255
16879
18561
12580
7095
10772
5967
5954
18075
17084
10918
14497
17947
9753
153
9246
1482
4831
9318
10073
5917
6248
12766
5352
5864
10778
557
10585
9142
5085
16179
9279
2789
8806
7605
17265
4144
1998
15256
13274
11726
17927
19842
15754
9208
16228
816
9993
7880
7531
18226
3626
8557
1441
16612
18824
18448
7183
11323
19376
6119
4701
15839
8760
10318
12915
15847
12494
16651
14956
19164
7968
15990
3786
776
10393
6940
17125
10124
19381
10636
5989
11750
8965
3308
15728
4016
8175
18567
9641
13301
19364
8751
8717
9701
4854
714
15766
12973
13266
19754
18419
16218
8694
479
3014
3340
7118
11965
10871
19114
11130
17611
15106
8077
8606
15037
434
6950
9478
526
825
18417
11237
2741
7178
10900
13643
7736
6630
11271
14919
7023
11656
2006
5029
8129
16914
1562
3947
11561
17091
15479
5367
3359
16508
19781
13286
3551
14146
3231
16261
17876
14823
11720
17955
5398
527
8772
7338
14028
15030
17341
9116
17214
1122
12898
8996
14347
2787
9510
13595
17638
15871
14673
6989
3362
5135
3810
12105
19911
12896
119
18720
771
13590
8063
4937
16177
19894
2144
19347
5408
2329
3366
416
9549
12362
19530
6570
2608
18616
5114
15517
12610
7889
10357
15693
12212
8896
299
15718
2317
15566
7973
11382
9621
3713
18896
12209
4073
13648
4964
18605
10935
1674
19324
5109
5947
15543
16055
5174
15753
13558
15201
3895
15480
60
8762
19325
5427
6428
982
5875
11207
7470
7527
9329
15999
10742
4160
12909
8173
17196
18920
15486
3663
13734
15865
9393
15386
9384
16893
17515
18830
17896
8405
8210
17787
19273
17722
3077
16347
2181
14475
10008
18484
19931
6669
15634
12935
16328
9509
13227
19016
9168
6737
12289
58
18679
3105
14938
9445
1344
2044
8930
18829
17657
19926
5010
2097
9747
9012
7857
2020
11900
3505
8837
10982
10354
11716
16659
6784
14601
13482
16069
3501
15558
13314
6615
16734
16273
14401
10660
8629
5076
6293
14259
19362
11741
13191
8680
4640
10616
19716
4748
12902
1023
15798
17089
4760
6151
2197
6097
13926
2086
10300
679
16923
911
7314
18837
14926
11620
5092
14933
59
15413
6774
16581
15726
16257
7052
12305
382
18404
19019
8014
19832
11849
13390
15740
200
14839
18210
18753
16476
1783
19562
11554
16844
4970
6657
9044
6851
1497
996
6022
14720
1083
7446
6948
19850
16929
9209
7065
9267
4043
16047
10594
7817
7225
19010
5920
5612
4293
9780
18678
350
11942
15905
18658
4739
18000
12537
6670
13770
17831
15377
7084
17826
11516
2246
2358
17733
4628
15314
6990
17530
14016
16121
4303
2998
9330
18013
11500
2244
6289
5688
10411
18468
15490
16521
6770
7677
13317
15206
10360
11314
81
12426
19180
17124
4986
2940
3356
1177
15136
13455
16299
15966
10782
18213
19269
4993
118
16267
1885
4983
15832
1412
15931
6242
19053
10351
18394
7091
13911
1693
8536
7608
5062
16972
7526
15764
13410
7263
10174
10641
17234
9195
5764
1757
14654
1282
8508
16498
7423
4778
5998
11403
14942
11065
13398
14879
13941
13633
18614
3897
505
4322
18167
19688
10107
16983
6329
2912
17724
2311
14215
7840
2201
18721
18445
3873
12117
19765
9355
9435
5887
3267
11632
5858
14579
17198
8718
5340
4283
11836
11504
5356
6856
8968
4682
5663
9769
4477
18262
4281
10311
2633
7542
10254
18531
16230
6779
17923
11135
4420
7693
12265
17477
16979
15217
11427
5410
18285
796
10680
17512
14214
18633
8707
12603
3042
14566
400
16598
13788
19828
6520
6089
17600
17162
5798
4813
12116
1287
8126
18751
10544
17860
904
12411
14872
5386
11348
567
19412
7351
13386
2305
9235
13140
9823
1449
6743
12353
154
18591
2321
7924
3891
19049
3065
14683
16016
10216
16925
8723
1130
6627
19263
8469
6540
11414
17784
10385
16788
16075
221
19128
11305
12679
12072
19680
4212
16070
13418
3199
4625
9048
7846
6846
450
5280
4817
18332
6456
19921
140
13331
2660
109
16133
16992
6886
11655
1878
5025
15294
5730
15607
7380
6209
4398
4921
11912
14850
10323
14553
12178
6039
8167
18144
7038
18526
12147
554
8450
16185
6254
4168
11624
10277
12372
11559
6622
5822
468
6408
18021
10444
12148
12711
3770
13344
16746
16473
4775
13639
14349
1937
19636
10402
8733
18965
1833
7169
18138
7474
6604
6120
15959
7749
3292
3935
11756
13746
4702
13284
14642
18761
17727
12392
12656
4499
1446
459
18881
11954
13377
9704
7492
11210
10580
8692
11941
11970
2502
10789
18541
12312
1517
14273
17472
11650
18910
7172
4974
16455
303
729
19073
16135
3702
19658
11032
4082
9686
15186
9059
2400
3733
13737
18038
3918
12060
11019
14662
895
10608
1950
9845
18421
14263
13747
7933
18521
604
17822
7826
8192
9573
12557
95
17072
14047
2515
2093
15842
9433
10430
732
11880
13664
3186
12070
19300
19697
9354
11841
4872
11189
15226
13938
13875
14231
19792
13647
8040
14473
14209
15384
15855
2718
13981
13046
16460
7222
11007
5168
11919
2135
12205
441
282
9141
6419
5334
4382
19391
8612
6938
2179
19241
4754
615
16452
11164
8086
14509
7076
19485
10410
14838
13064
1214
8644
14983
6983
9337
11612
17790
1820
501
13659
8616
14511
13364
11460
11929
17973
5987
11313
5039
11053
8338
8223
2210
16022
12092
12202
11732
9120
2954
8200
19742
12431
17757
17483
11206
5901
10622
13655
11241
372
15552
6091
16648
8686
19528
2615
17328
1931
13222
8782
1866
19443
17695
14605
18402
8420
17420
11355
15372
17858
8365
17018
19859
18576
3244
12224
17718
14087
7434
830
15501
12520
13075
3969
11108
9082
6961
10609
5970
14565
9504
11664
17762
19013
16928
197
11111
13530
7639
16507
14848
19955
14356
12120
4241
7993
8529
7548
9928
5613
19342
6739
16728
10825
12804
6996
19127
5771
13613
15074
8262
1974
6832
13501
14812
9601
14463
18302
17934
17693
19277
5525
3185
11188
17716
7969
2689
1991
14855
581
10390
11046
1894
12707
2457
760
13337
1425
6165
12404
18416
4249
17087
3318
6686
3726
4786
19427
10248
19244
17053
4183
14830
13166
13164
9577
7851
731
1269
5666
7437
14476
18238
13673
6683
7462
3945
19095
7447
10658
19738
10243
11009
296
17558
6012
18858
16323
5459
11873
13985
1072
5003
17423
2607
10045
15894
1778
6895
5302
1086
17886
15663
3440
5826
18545
9680
4069
1965
3331
18983
8466
17171
11447
17289
18486
3839
2754
288
8927
4459
18325
10933
10509
10868
9040
7977
19551
7291
17995
5297
2498
15400
7051
941
2047
309
6000
4119
915
6968
3673
11302
15854
5383
6551
16602
2072
11316
6115
3570
9361
9835
9750
6028
8580
2065
12301
5319
10812
17096
3418
1655
12374
3665
8528
11136
17468
13618
13198
1831
18607
18080
11273
725
15180
19607
17655
2535
4980
10600
5668
4804
4995
4132
5667
12169
1524
6369
12799
7274
9193
4674
17135
7070
1234
9316
6943
6452
1962
5674
4768
15188
12624
17851
18704
18644
5601
15445
9400
15043
3937
5471
12508
16700
18006
3099
5494
847
10572
715
404
17570
15515
19175
14102
2233
1392
5368
9143
3571
968
5932
6957
6708
10537
6628
10010
772
9265
3320
17383
9106
13930
2736
16915
3052
14766
13560
12891
18587
11211
18189
11725
1456
1450
18268
4693
9281
3738
19024
18293
6280
13483
12314
9716
10232
803
19260
8876
13267
5344
16370
3782
40
7707
6154
12931
7110
12622
12026
12567
11393
7378
1982
2465
12053
7039
1544
12034
7827
13261
12674
3039
11678
1371
12009
6410
13592
4913
10907
7443
4692
7141
17022
14039
1395
4896
5257
4314
2891
5448
11098
16227
9002
12822
19786
4863
2342
8455
6711
9288
147
15011
7072
10138
18392
16427
8302
14844
1152
3412
10280
13960
16250
17045
7999
10042
2377
4644
5581
19654
3201
11850
11480
15177
6287
11658
4806
8884
4296
5081
12454
9650
6392
5468
9112
19647
17698
13265
9766
3823
7625
17368
9270
13769
14970
18846
12636
1016
9674
5818
9136
4875
4428
5588
3343
9726
9564
17944
13912
11908
13709
9241
6098
10453
9293
3964
2338
17908
6524
14971
1907
12856
12028
18295
13122
14928
18348
18360
9215
10553
9099
17217
4222
6988
9290
13642
6320
6211
17256
5118
9707
10130
7710
3323
9151
15251
8659
10639
8949
14248
10087
19839
15656
9912
14651
11832
14801
11324
16437
2714
2316
13949
12566
9229
6531
14793
19743
3496
16785
17133
18647
6776
18422
16912
8630
17842
6489
5456
12308
16569
15629
10376
8296
7694
11863
3492
15130
15182
13767
5590
19365
13065
11307
237
16348
3430
19693
10691
13146
2811
1956
18490
14981
3552
11203
8496
7233
9626
18453
12223
11713
11034
6379
3261
14021
2364
4733
8658
18942
14105
2504
11401
6269
14116
5217
14375
17907
7783
979
1263
17758
1311
4833
18162
9654
37
1552
6783
651
1036
176
9212
11465
3648
2143
5089
15002
19453
17550
7460
1507
8197
14525
13984
14922
2904
7483
2103
7154
15228
1882
5733
15181
12702
16688
19101
1249
8871
11584
15035
13965
8943
13990
13609
19954
3158
14093
16341
8490
4365
11446
481
13293
8083
421
15660
1455
11337
1868
13672
18385
2053
5499
13470
8221
3103
13486
724
7535
15684
11692
18052
13700
14201
1796
12407
3189
9113
10284
11915
14019
18701
3678
11082
8494
13305
12889
13631
15560
16564
13210
13239
11976
4899
7849
16571
6799
7730
652
8817
10571
11268
202
8654
6757
18663
7870
8861
11960
972
13269
10000
6181
4654
15927
5706
5746
17031
17834
11838
909
12384
7669
4850
3013
3053
5610
13844
18278
11879
11673
13697
12867
19361
7021
3921
2829
10920
9177
10231
15686
9776
19022
19648
13387
5628
17627
9273
10199
1715
17414
15630
17626
15352
12993
9007
2243
15610
12652
14095
3623
8873
16815
1777
16396
18208
18
4277
10467
14593
10759
9315
6833
7620
6515
15353
15762
12310
11534
17725
17775
6782
14781
2460
13904
18257
14483
7742
13030
1816
18224
8599
9185
5909
2885
14972
767
9520
5455
9063
19752
2005
3514
4529
13601
11360
15644
284
9089
7675
10128
16265
1116
16515
17798
18334
4639
5406
13330
17043
1169
5343
3385
14306
11122
10674
12762
7989
1574
1413
3613
19372
1014
13532
13395
6210
539
12270
2318
12881
12576
9226
12153
4779
15817
15080
3469
13421
2421
15062
17398
15673
5551
13815
100
17211
368
398
11043
15475
11070
19635
16003
10762
14450
12761
5515
19220
19491
8904
9530
18214
18251
11200
8518
11686
10369
6111
6222
13297
17302
15173
5716
7668
6321
597
10590
7502
17568
16340
8791
8021
10693
4059
6812
132
3939
16528
18396
13320
5570
2196
13081
7644
18207
1945
3656
1933
6661
8579
2840
5524
9789
19210
9618
6589
1058
13465
12439
9180
1698
12904
8255
13756
19191
11448
15901
17770
7209
15246
10212
11928
3149
17362
45
7199
18887
14060
16104
6176
3315
472
3617
15183
18978
14649
10802
2486
6572
16857
14824
11021
17433
17828
9439
18371
10690
6348
1557
5843
18802
10433
5486
6185
333
17288
15343
13090
12978
15029
9162
16352
8252
12260
6174
9966
1230
1183
14246
747
6559
16860
8674
5141
10739
6731
17039
4673
12269
5243
8939
18574
14780
1529
113
6477
2051
5959
10495
2147
19673
2272
1353
14858
2298
11592
3025
16139
5037
7686
19031
7758
5381
2590
17203
14030
6046
5783
3593
8452
15970
11432
3955
1483
326
2851
3765
18283
4968
6228
15555
12620
2004
1397
4788
12516
1658
11999
19847
18341
13543
7726
4909
18986
12609
15275
6734
5382
17844
4911
13553
7698
16378
6578
4386
4390
11711
16722
14402
5831
17482
14502
14136
10024
3154
16387
14327
16628
19176
11782
3018
6495
14429
1970
2445
17994
9231
7970
1470
19825
16334
19161
11492
15561
17980
5252
15615
3791
15666
12806
18100
19186
5902
19001
7219
17277
18870
15680
4230
171
10976
15093
4362
13800
15756
8792
1607
12386
4681
2163
14665
6917
4368
15523
18536
6090
10133
9092
424
3649
7752
13080
521
3393
717
16018
3321
17820
10630
12948
3744
3419
12949
16100
4204
7365
7069
874
3885
241
19632
1873
18529
13119
2028
17401
13096
13302
9370
5091
2884
2331
14822
13583
3531
15619
1325
8232
8370
11087
5992
10745
4289
321
12391
7270
2923
12218
12847
12541
14188
9808
18734
3281
3263
4410
4339
12797
6806
16056
12438
10573
17262
1513
6247
3982
7733
4126
13087
19486
6798
16522
12551
7553
13617
19468
12
18411
2618
6562
19030
4317
19748
11681
14219
2157
3862
6052
3177
15642
11894
1886
1793
4234
12830
14241
2849
16825
19000
1403
19059
3497
15585
2536
19659
5734
6312
3586
11974
10074
14968
5065
17399
11557
6493
8026
8697
13070
19309
6404
4443
4976
17644
17429
4769
16342
19423
11484
2112
5919
9321
18009
5911
12188
10597
12024
15021
15346
16068
5373
11581
14965
7109
9105
6612
9261
11449
6454
10272
11986
13175
17351
2467
14658
1339
11530
8152
839
5980
17742
1781
18485
3517
18350
19585
7552
9078
2184
8199
4343
13052
14126
8406
18329
1942
13258
8564
13220
504
5675
19495
18571
671
10203
17991
8863
3919
13544
11881
687
6262
18849
19259
7294
9097
18420
18626
5464
2178
920
8532
13419
13066
3728
3449
18321
17261
9472
4562
492
2870
4396
8590
12845
14400
16167
1508
2407
19790
1521
11576
8921
12894
8769
14747
5206
9874
10716
7061
10439
12007
3917
16406
14258
704
10631
16374
17152
19239
182
4087
406
14611
7916
6148
7938
3016
10207
2995
6752
6448
15587
4892
3030
6124
10319
17078
13606
11325
1126
18795
4453
6273
13160
17343
1643
198
14877
5848
19028
8483
7641
4071
12286
478
17246
13634
15522
12396
15690
6658
15716
16300
17963
17323
10532
10457
13896
12481
9778
13019
2187
9461
18104
8915
1451
8535
17585
11558
3456
5995
188
19826
4753
3291
18847
15115
9952
8675
12292
8264
14101
11173
11684
1307
17210
1051
1725
6826
7402
3202
14641
10599
55
15424
6071
19070
15276
1637
364
6393
3775
6506
10505
6130
13806
14373
9374
15841
5337
1417
19290
15783
10068
932
9392
5266
15825
17723
13684
18234
15800
3956
17663
314
17419
14097
2527
19920
5951
11602
5702
1003
2464
10011
12962
8864
3325
17186
4940
460
1364
13089
15417
9480
19895
13024
16501
5275
2120
5962
319
13835
1017
14206
17734
163
18039
5049
18596
8803
8092
16404
2113
1011
3524
631
18107
130
3666
18472
7472
871
10321
11242
15695
19056
18294
16400
4722
9757
17799
12030
5839
10436
18151
5607
13241
14531
18447
103
6170
10210
1729
5095
137
19604
4072
19769
10856
541
10113
17223
16484
11487
381
14127
5083
16161
12842
3100
18632
2788
11387
4597
15708
2677
15309
16072
3020
8454
17144
975
17805
16631
15088
15056
1080
13654
3411
5638
12239
9839
6483
6513
8534
10858
469
5310
8459
16282
9887
2222
2614
16044
1460
16718
6579
1763
4610
5501
8513
7304
6889
3936
11274
16827
19208
19755
2662
9391
285
18590
1258
19764
11332
4746
9320
5618
19329
7569
7398
17408
9000
18466
1369
2387
4540
9605
4930
7673
8641
17823
17685
17885
3555
1948
17525
6855
10067
17052
14397
7302
18555
18932
10971
11846
19237
14202
12975
16420
17476
7331
19957
9925
18718
17058
19597
1773
18099
12332
2475
855
7607
2730
16272
17344
814
17489
13845
14625
17315
10330
1485
16733
9854
19953
11883
6037
4685
12194
3949
17168
2188
4207
10854
18130
7182
16854
1376
14985
18125
15586
4372
699
17601
16248
16325
849
14616
203
17891
10531
10519
10928
12704
10317
18565
14339
12370
2649
18206
3334
3987
2971
14078
5999
1025
762
3682
19063
9524
14391
7149
15257
1792
4784
12525
8386
2335
19231
3683
10861
8677
8055
17026
7009
14762
16500
19480
9827
18359
9310
10493
19233
1516
6557
4028
1077
15791
795
6514
12815
17738
19408
18103
1932
9990
1313
5153
18717
3695
7031
1613
17427
3134
3162
19351
14350
1099
15278
15090
17684
12100
15834
2266
18771
17421
17075
19044
12414
3991
2960
6736
10990
15281
6265
5198
15597
2194
5647
12828
15268
12788
11840
12851
14319
1578
13937
14713
9049
2362
12189
7990
12241
5458
11478
2790
2753
12654
10598
5028
3708
218
8964
985
3837
18378
7188
10987
10889
19323
12563
18877
18025
14949
7400
12417
6267
13740
2177
4578
9046
9682
1272
13224
3506
11860
6618
16512
11051
2852
12779
10392
6588
2826
15194
19638
1493
7094
11476
8263
18128
8827
17314
7328
17345
17575
6195
11342
1059
11375
13808
15869
7057
14335
16624
7245
11395
3049
3749
12601
18118
16975
8176
18750
6496
2462
12791
7654
3832
13889
8909
6603
10096
13025
11158
4114
13033
16120
14121
19746
2827
4734
13693
6571
5566
19729
13897
3163
9905
3379
14025
3756
13326
5128
16202
1399
3193
16351
19808
3311
12123
10200
8895
12726
12124
14783
18746
13509
8308
94
14752
3612
11823
9127
10144
18177
4828
1098
9811
13394
18315
12085
8056
19749
402
15836
5718
9728
1256
11147
3697
9380
675
919
19587
1315
19409
19705
15942
8924
943
9649
9272
9613
14056
6125
2294
12038
3365
11195
233
5816
13999
17023
11749
1589
16031
9886
1734
4009
6105
16771
4971
1143
17110
13886
733
7833
18065
8551
2877
4816
16186
15209
10667
17914
12373
16450
14634
1854
4001
10382
352
16478
8191
11099
4890
15205
523
4476
15323
14901
18126
6331
5521
1553
7484
10940
9638
14831
3084
10123
10308
14137
10885
7624
8669
13594
2041
7399
3003
5255
1767
1749
11828
8273
17259
9416
13132
8922
18776
13528
6507
6142
2797
15433
3051
17730
9373
5756
5063
2595
9973
5219
9122
8500
13675
8919
19678
6276
6439
8663
19320
9036
10208
1836
16304
1804
530
16764
16991
19066
15813
13474
3763
10069
2605
17245
12731
19196
13489
17227
16708
12115
8169
4684
175
14218
6617
14183
17513
14469
3431
12225
15662
1849
10432
8415
5220
10510
9191
18989
19913
2089
10710
4958
7674
2091
2643
9254
13682
6549
11788
19887
3831
3521
17373
14704
8357
12110
16191
5487
3474
13137
15712
18807
9585
9072
1379
5918
18016
7281
6548
6595
1875
8020
17954
524
1111
8544
2076
1129
8150
14412
3892
16729
680
14758
10569
10610
4782
15432
18510
5827
6681
19331
9652
15950
19315
6164
14457
13679
15514
11057
6396
10828
8488
9155
10709
4402
15478
19415
3396
3534
13129
2287
1028
3300
3640
16380
14459
9863
12599
2373
7664
14222
16980
8838
3197
5400
12245
6987
6637
8607
5021
18770
13555
13100
14891
3508
3870
10890
542
14969
3111
3525
4710
13444
13446
3184
14549
16368
19875
9068
7329
15058
6135
17635
17766
1533
10007
11922
1334
852
5548
250
15574
19586
9551
18661
7897
16010
10863
18020
15540
5498
11936
10732
3477
17025
4189
1261
257
9785
8380
4274
6986
19809
16365
13865
5272
12128
15983
2098
10792
15138
2838
9518
15820
6418
10160
3547
6532
2257
1602
1069
2881
13005
10293
19918
7913
16262
6472
3694
12686
70
7103
14419
10121
3491
12366
14884
3040
4436
647
10786
8353
11824
201
3369
17998
11779
16269
7360
14602
696
11905
4847
16826
15200
15958
11532
7112
18957
10708
5301
4616
6277
12502
18088
16805
4067
4080
9936
7577
8230
15641
11746
5058
3615
11731
3861
9920
17759
15455
18298
9534
7959
7193
10801
4225
19795
11408
10445
5228
3402
6155
15405
16517
7375
5928
12980
14210
17660
11243
16456
6666
8054
2259
18519
13082
16760
9
11640
9671
13940
19462
18087
1884
5341
15581
5080
6198
13519
2153
4647
1499
4117
2420
7891
4548
14277
13829
19008
6180
14852
4589
5873
14237
11506
17268
10062
19734
15023
11781
11219
7330
9032
19840
13825
10986
18737
4106
2167
10859
2883
7558
15409
2628
13133
7348
8749
8615
5547
573
4228
13341
16187
7431
12171
14304
10984
15557
1785
5895
17883
18805
7904
17529
5115
18804
3638
6264
528
12588
7739
5735
10557
13001
1209
1856
5990
13861
15219
9782
16603
12893
15675
12031
10593
19091
12906
11753
6317
7955
8229
3716
16399
8484
10853
11143
7575
17811
16875
10276
4897
6552
5952
6344
4057
18155
3191
7458
7632
16259
13214
8975
1829
2022
10717
2378
14603
6427
1661
2516
13023
13880
15253
3373
7965
8633
13112
545
17553
13205
1500
12639
1764
3872
1093
7307
8477
12694
16462
2791
13906
15911
6136
4108
11445
8515
19368
16942
9170
12859
6946
8603
7801
12094
3465
18936
12010
5278
1891
18014
9274
6388
8527
10018
18629
11537
13240
11792
16655
9306
17651
18745
16732
2603
1437
275
9723
18778
13056
7545
4807
5722
569
10529
19052
13967
3639
14330
10235
12708
15014
1770
134
15327
6073
12253
17090
8194
4055
14608
8374
3572
13277
2887
15168
9465
947
3830
6479
5137
3312
10937
17958
2371
9104
9670
18767
5832
5589
15360
15179
8627
12752
4575
15503
11263
11392
13816
3992
514
15155
9579
14167
19153
12670
6560
11067
19644
3248
17005
14453
2136
1091
5936
900
12025
11545
15731
8373
8993
670
2796
9150
19757
7952
7067
19213
12826
17631
5108
19958
6715
7792
11226
742
2376
922
14596
17573
14507
11052
13315
8765
8123
14715
13393
4237
8219
5372
9897
5775
12789
8691
6698
6172
14113
14184
10086
8698
18537
4196
6999
11793
17195
17104
16217
15084
3699
6880
279
10365
13525
9919
5922
14869
6923
4185
3739
2717
15549
4855
13471
12086
4815
14435
7799
10875
15497
13270
13714
5225
15763
2507
2111
31
18674
5369
10790
6338
9923
5363
12172
12390
10295
17153
15863
9540
14633
9190
7223
10726
5332
7386
15502
15595
7627
1999
9364
5692
4102
1245
5023
11216
8545
13622
3133
2297
18178
17893
10930
14053
9913
12992
9514
16327
11775
17829
16414
10118
7409
14249
6939
14474
1149
8835
8379
19624
14491
8251
3882
8713
17274
19544
19298
16748
2386
16322
12969
6874
4483
13678
14148
17035
5360
17951
12703
465
15622
17038
7098
3907
1467
8897
17469
7285
4576
712
13996
13042
7114
14792
6518
13114
2279
12336
12529
11119
17596
10078
17532
7506
7899
6166
2676
5140
19482
18570
4200
16061
4631
2353
9582
12486
12199
3767
1112
7235
323
12196
6304
16634
19802
2586
10570
1132
8130
4810
14650
7191
16445
18994
4663
15221
16128
371
17409
15880
18592
9924
14996
15204
15009
19858
3198
2223
5289
13003
10060
12293
4268
12930
10412
13757
633
2101
16295
8293
9014
7116
11593
9289
13412
3273
243
1675
4908
11587
4046
12519
4432
2290
12328
18707
703
1610
13288
12699
17415
12802
9598
5127
14353
4936
16947
7168
7600
11441
4240
19243
1902
16126
17888
18911
1923
9305
16063
18301
14680
9646
17172
15812
2413
11549
3493
5846
18232
14486
7741
3822
17715
205
13038
17438
13276
7148
10241
5561
17040
10198
13299
5602
6144
11805
9103
13853
13942
2813
8139
10837
8133
8065
10773
8672
16671
17882
11272
18111
19093
15339
2667
1939
17406
8428
12908
16017
18303
12248
18363
9628
9999
12807
16511
18028
13430
7361
11015
10424
8539
18476
7935
7047
6775
4431
1975
7543
13549
14324
1318
8554
194
2683
11103
4495
16260
4070
12668
1340
15792
277
12012
17280
13021
15531
887
12451
2568
6291
1020
2379
4348
19242
1855
17624
9615
13627
17667
787
1279
17166
16907
6755
1400
18579
2410
1678
17854
19610
6678
13574
13201
8440
881
11128
4517
19565
17935
14376
11028
17594
9572
16613
13217
9283
660
14632
5677
14432
10638
2121
2200
14813
7280
12087
14109
9592
15063
3230
11809
16996
14707
9836
1283
11803
16252
10776
17747
18532
4918
13257
2731
13903
8482
15452
10417
8205
2687
17522
10484
12280
8504
11368
11985
3512
16009
297
17968
13698
12747
14172
14297
12272
10398
7060
19229
11914
330
19833
15211
17812
16946
18669
4006
8137
678
7185
5555
7856
9873
14763
17426
1472
14182
7396
621
17915
18415
6941
5060
710
10065
8958
7408
5268
7906
6761
13719
13171
8166
19906
17763
15468
10492
5935
2956
16871
9011
4406
18595
5393
11451
6005
17404
15737
2907
18338
7464
15150
3085
6632
5871
6245
3246
15128
7593
8696
2722
14622
3871
661
16768
4992
1561
770
13015
12680
5380
12649
11244
9295
15895
9299
291
227
755
11956
10077
7403
6296
17514
16568
16652
13508
5488
19240
7286
8029
6858
17559
15779
1844
11079
7523
18815
9901
7560
10498
18059
12883
9488
2033
16087
11927
6147
17533
14770
4596
43
897
4147
338
19250
2040
193
7415
8012
2288
13354
11146
13707
4706
17874
8547
11006
8574
6869
1595
18641
9929
5162
16877
3216
5644
9711
1815
4130
12732
19285
8316
1741
1235
19490
11501
2001
997
12181
15110
15019
11419
13758
4512
511
4095
13651
9967
1766
5404
12167
13209
19614
14024
19489
10408
12278
4250
13619
14135
10109
3083
7485
19314
12854
14088
3147
13125
1109
7597
19868
18306
2824
7786
19596
2169
1171
9876
2967
15387
17543
19015
17466
12585
15525
7099
6102
17519
4642
8648
15919
12475
8608
3647
3825
9090
13621
2138
12749
9094
14674
17643
2531
10965
13776
10671
11100
13259
1128
2180
8932
6163
980
14472
606
13429
11839
5004
10368
2952
18060
13901
17950
2874
16531
5094
793
3092
12945
8478
9581
15375
5572
17781
2550
4111
16873
12334
14411
3847
5364
6443
961
12279
16211
2
19317
19686
16599
16542
430
11356
16986
16793
3271
5904
1075
234
4255
6364
3760
14582
19609
3462
4561
18055
12515
11515
6648
287
8032
15538
11474
11289
5787
255
11120
16172
1284
16110
8703
11772
4235
11075
18430
18140
15980
4881
15875
1229
12655
2514
19279
9494
5784
8187
16147
3925
413
12976
11430
3371
14280
7469
1121
24
19592
7508
18397
3898
13231
9730
12832
16495
10172
17505
16906
2458
18154
12134
15593
19377
1394
15286
7217
1114
7344
3616
14267
16665
2304
7667
8832
10653
2217
16011
7371
1487
4869
5591
17369
2801
789
1573
5971
13699
18930
14417
19123
886
10215
16646
10753
18610
4265
19154
6040
9669
17922
12786
8989
5883
15069
12184
18344
4134
15776
12660
9498
1539
5896
17539
18848
69
14600
8280
8662
5057
6591
15760
8869
9438
8306
5580
17879
1196
10346
5287
9820
1636
17576
6006
12816
9405
13165
9693
14054
18309
8847
14540
2215
18553
14864
11676
10391
8313
2115
4487
5841
3019
19449
8292
10506
973
4193
281
3539
2242
14428
9668
16777
8526
18250
6365
19780
8018
2271
18380
8759
1420
4063
13778
15351
2295
1355
19370
219
14871
15379
5949
6205
12057
10957
15453
17669
18115
14667
9767
16046
97
105
12974
14936
75
4012
9164
5232
19104
2700
13674
15667
13839
15407
6204
11166
19141
17760
11982
12155
10064
9227
10324
11473
14089
1743
6596
14700
14533
12648
10419
14609
17159
14941
19542
2944
8341
18483
10343
12933
327
19036
19577
5592
4220
3115
4717
16965
18723
5378
4467
8637
16415
3807
13910
9838
13121
15431
16527
18814
1779
540
12709
5213
4437
11252
5925
16223
3826
13456
15474
6232
11042
5298
5082
13799
12495
17804
14501
19995
15399
19353
14575
6420
6962
13463
1257
3259
9566
18744
16366
411
18864
19549
13665
16152
11556
16454
8136
15304
16855
15710
11937
17780
11666
17737
78
14636
19264
7301
6804
17598
18640
6299
4357
10968
3057
19261
15124
17726
6608
10904
2237
15536
773
5324
4732
16759
13972
1468
8226
16083
10596
7316
815
8948
15170
15628
18852
8543
177
19117
13490
1745
9386
16553
12046
16843
19458
6883
8882
13849
5181
9909
15954
15101
17880
9484
1582
2760
1150
7157
5851
8188
8291
13072
7517
1532
12612
15116
4091
224
12450
12737
11106
7311
917
13009
9417
1457
12532
14951
2474
12463
6954
8657
3140
10262
15562
7494
8541
10872
8552
12771
4531
9790
1905
7975
17136
2030
3554
10255
13623
13846
882
16111
4557
6803
2592
7037
13285
566
1959
13185
19641
18071
17187
17970
11757
8108
3899
4696
13195
18083
3834
6712
14774
9939
3894
8746
6436
6004
12583
14703
4645
12479
13877
2057
3137
10991
4952
7445
6956
6423
3227
10339
4825
9240
11993
11251
12811
1225
15570
18598
17442
14550
9276
986
1320
2921
14243
17795
2778
8860
1157
2491
11256
19545
17670
7850
16803
11462
9865
9425
2697
11820
11400
7501
18473
18182
16337
12808
9870
2323
19135
14260
18495
9821
2497
12834
18343
5603
19717
14841
13069
16425
7054
15961
16841
1300
2946
4929
1074
14300
3415
4378
14902
10110
19081
0
19714
5597
4920
18692
16559
17366
3082
7308
16140
14930
6913
7947
1609
4802
11815
4849
17336
2415
387
14945
18244
17845
18132
3170
3211
12183
2817
1239
12517
15491
1153
14619
7255
875
2014
18780
3306
8362
18085
17320
10972
19925
7655
12460
19919
19947
8642
12507
17717
7086
3190
9794
18076
1429
18558
1908
3283
15627
328
17270
3032
14287
11468
1007
6113
5123
10613
2728
2357
6082
15771
18869
14108
14787
14271
17371
16696
13484
8460
3027
5623
3479
10787
4169
19552
19917
2432
4618
9385
8066
6378
2322
15638
18352
1120
12071
17209
11112
3777
16059
8475
1560
677
17474
14257
2839
12716
11157
18646
6096
15707
12870
7041
15998
19753
267
1488
9149
19136
12745
18726
15565
12633
18478
4021
11949
2792
14489
15750
16713
17837
8935
156
19629
12185
14648
17625
5645
5260
5876
13763
13868
14303
4107
10043
7809
1608
3289
8814
3772
9176
857
10039
344
14034
6080
19553
17732
11276
11437
7513
10344
8899
8501
16669
2620
15594
4714
19341
10052
778
18844
2084
7395
12604
3037
2895
4648
745
5894
7190
6767
2212
10563
19414
16580
8402
12297
13775
3742
6042
13620
409
4451
5087
12928
14846
7045
5523
1203
2868
3080
10775
5687
4470
19445
19466
1327
7170
5665
14939
12061
7895
9972
2725
833
6149
7729
10091
8969
3545
3886
7961
3207
4030
12428
3159
11178
5292
6484
16743
15306
19402
10581
17592
18005
14176
19041
2221
17711
11764
2171
2706
6432
10004
9224
18862
15144
19854
1242
11783
628
18524
19207
718
18092
5435
3516
11734
15249
19287
2027
10662
12162
7672
6845
14686
8711
9053
7101
10677
16430
2723
3759
1045
19169
14655
16419
2202
390
2686
5530
10513
9533
6768
12659
18193
4772
18135
3513
17555
9658
15898
10997
12425
16416
11182
11643
15974
16313
6219
5354
6179
3026
6519
315
12284
18535
5253
17316
9326
4466
17431
15697
18608
5156
17676
10692
9941
6467
10973
584
12434
15039
18931
8682
719
3144
7218
3118
2007
7456
15528
5158
13154
15049
18782
13153
2554
8738
19989
8587
13433
11539
1577
18290
2344
11160
14272
17266
1995
3309
3056
17892
3093
9183
6230
19142
9553
5388
8010
16617
498
1753
471
14802
17743
8457
6221
11842
14799
16048
19575
16449
11262
14103
15109
9908
13836
4943
5806
11420
19247
11891
5982
12462
11989
18077
5407
4029
8398
14316
16039
11946
15100
14764
6675
4741
11616
16823
4972
14265
7126
16281
6912
4151
10650
2982
10389
5251
632
195
5575
12457
4219
15283
2926
8853
11139
462
9026
8407
2977
5263
5646
3685
4543
14618
17931
13833
903
2530
18831
18432
6764
15224
3600
11693
13975
10798
6677
13028
5629
17608
18885
14893
14228
8153
14296
3522
7837
2688
12758
17572
8383
18944
13415
2704
5020
15647
13196
11933
8885
16247
16930
905
9189
11529
708
14796
17560
11594
4522
8190
2938
1031
9773
15064
14229
10251
1368
12961
11512
4542
17964
14396
14568
12796
18265
12647
9076
121
17445
12307
16090
1064
1705
19144
14666
7203
12712
11811
15428
13105
15459
15448
12043
10679
17057
10687
8069
16736
14434
10245
13104
14817
6360
9137
17640
13521
13300
2695
7845
52
14806
4977
15005
16234
3091
13407
1973
869
8890
11138
16516
6460
19092
6234
14808
18584
16762
17921
12629
10202
4990
12008
10511
3817
16238
11659
18630
10952
19346
1195
10281
10683
5595
12083
16037
10689
10925
944
890
4879
3360
1706
5625
4609
10771
14630
7296
15567
13308
19122
1545
6660
1537
3490
12570
11755
8829
4092
1556
15456
13766
2591
12938
13422
4527
9620
6131
3750
4841
10942
7871
11180
10137
8990
9546
14904
15358
10549
19546
9042
10440
2552
3352
6067
18113
16258
9532
2025
1100
13569
12952
16212
17802
9156
3438
17396
1890
19312
14048
17462
5345
8594
19464
6643
4100
12738
18398
5562
7388
5188
6590
19675
8243
544
11215
169
15777
17666
12282
8931
9505
2863
5662
13662
10591
16504
1246
11223
19703
5151
7220
5426
2994
10528
16395
9548
5485
10628
13944
7416
18496
13443
12354
6904
16647
2699
16858
4076
19817
13954
6169
10849
3031
359
2578
19537
16318
14761
7983
9010
7778
7093
19134
4750
5568
16413
15575
4871
3021
19561
8978
3857
7613
5794
384
18418
4981
16364
10574
8604
3951
4335
9477
3266
9774
5849
11126
17439
2276
12246
18150
1977
5811
11163
8934
13047
6092
4592
4790
2958
6300
15234
5417
6766
3546
19535
16956
8307
9379
1506
11598
1814
4061
8390
10842
10287
18857
7335
9517
13616
15782
6153
11005
4328
16026
196
550
8030
13502
11618
6167
19735
14360
5823
19515
5078
17637
14477
15687
5148
14701
4518
16402
4408
6117
14888
6771
15163
12589
2647
8685
9702
6253
11642
1495
16658
15458
5550
19157
7012
1363
2523
16865
12489
17629
4356
19166
14504
6773
15451
7369
8330
14307
6523
5782
239
10002
12141
10298
5639
18947
3558
16941
13832
7337
10449
858
16442
4695
9900
16587
18061
8985
5048
13457
18390
6949
17252
4273
19785
519
8051
17273
12733
133
4201
17946
14819
3698
19072
8351
7131
16686
16439
7180
9708
307
9857
1022
4888
784
17027
112
12341
5836
17549
17899
9571
7354
19608
4297
11248
5941
11380
18810
19470
5558
4586
4633
1826
19874
18211
3893
11358
15862
19723
3008
10814
1124
1835
16242
676
10168
17130
3258
9882
17327
18184
8154
7133
13791
6606
17741
11300
6673
7179
3568
14588
13379
3535
10995
10754
9801
4887
7919
5691
7939
15665
8409
8537
9360
11715
16308
12865
3874
18733
13085
4566
8335
11651
17240
851
6431
17073
18474
9220
9499
9644
3355
2621
14734
8987
15986
10899
16417
4676
15876
7046
13199
15612
5207
17066
11372
8800
1390
11717
4711
16895
13550
15678
15956
9027
17866
19534
15156
15785
827
1784
7411
17878
17441
9022
16092
17222
10161
11971
1554
18964
9238
12823
12553
7854
2809
9258
17111
5173
1538
19177
5394
9904
5707
10063
6927
8184
18893
4851
6687
19112
8004
11230
403
5803
2630
4115
6015
1285
517
14098
3981
4745
18242
8180
15881
19657
6385
4505
6566
7550
16662
14066
7898
10256
13733
13579
11090
7197
7908
11704
15427
16344
2629
12447
4208
995
3993
1191
10431
2061
18410
2571
2472
2409
19332
14727
1134
9815
2209
13417
585
9054
16173
18284
4049
805
9369
1073
14382
12222
8355
18048
10737
7971
4819
14639
19133
10686
11345
4613
12697
15279
10508
7356
3922
1846
17945
983
6824
19789
2263
8067
7455
16392
13262
19023
18706
12715
15094
15704
11522
9861
7519
6663
11331
6807
18793
17632
19914
14551
13980
1280
17705
12485
15556
16038
9423
5453
883
11566
10767
10226
10337
308
9251
8314
9584
1738
3425
3979
7128
8953
18948
3075
10734
9691
10134
13388
9926
7481
8901
17597
16898
1447
13783
2234
12941
10115
1771
1605
1652
9881
19938
13656
16533
15117
18842
7422
11394
11384
17405
10143
17648
2145
14659
9917
12584
5315
1065
13991
18011
16060
777
16579
4165
10517
6801
7533
9588
6605
9958
19444
1146
19650
5624
2151
5318
2058
17603
7547
5877
6985
12900
3637
6629
14157
1465
15044
14381
1955
9087
4243
7618
13572
5001
10027
5723
8473
15389
18566
6652
7441
3499
3915
9788
5518
1474
10559
3735
9475
17244
17887
12877
2312
15850
3195
14158
9986
19810
228
16525
16358
18511
3036
8521
4728
11544
13884
5176
12040
2601
734
14767
10869
3582
17160
19271
17224
2162
16196
14570
11591
4179
4903
18954
2238
13706
18122
12988
13309
15020
10909
8764
155
5642
7487
11611
8404
15649
1944
17126
2645
16127
14445
19107
5370
6310
14454
4534
12713
2774
8609
6522
8208
1874
16391
564
4227
7779
7007
14203
12458
22
1943
12326
15113
360
14114
18424
4159
14861
7002
9678
939
1670
13677
3112
264
19131
15997
41
11898
12862
7660
18243
12118
4963
4766
4331
15137
3609
6075
8007
13163
19944
4694
1570
10518
2553
1588
6564
13109
2192
3816
265
2771
12500
4017
1903
11604
18672
15291
9537
3736
16654
4709
17451
11066
8651
13071
3142
18542
4569
13492
8367
17551
18628
6161
17662
19075
10403
9377
9684
8300
2399
15297
13792
12344
4216
3416
6967
16326
17134
5044
189
9442
10891
8112
636
17417
7601
496
11638
2310
7420
9542
19849
6924
1015
9949
12885
2575
7666
18839
15773
15822
14207
7557
150
7515
18002
2770
6395
11887
12887
10822
12137
14131
17814
7352
1430
4606
16316
10406
13368
11041
1008
19159
15322
15611
17294
2174
3394
5480
6146
5430
6972
19476
11000
9760
10053
698
19794
19212
16755
11968
17236
7823
56
15264
1266
3536
3958
13858
15550
1776
686
19699
11483
14959
2708
13946
15599
3238
16138
8349
15685
11214
16848
13542
5740
8502
12568
2748
4085
4836
965
1788
14223
3703
10423
2352
6224
6716
2670
3426
11217
9657
14528
16097
7559
3345
9222
1439
19768
12496
18638
3914
1372
19401
5976
8766
2302
19814
16933
4389
19827
15774
12979
11361
8725
8808
11637
10841
5189
8253
10371
9867
16489
12631
9659
18252
7936
9282
17487
8687
3225
15443
11359
3131
7820
11278
5481
17411
10978
3088
15830
4953
18121
11050
13383
3338
19813
4809
15924
245
4435
7727
11740
16725
1277
13798
2521
12389
8453
13695
13637
7697
10697
4078
5163
888
18905
9700
9647
19173
3835
6318
6727
16082
12338
16856
14975
15972
3667
18582
11435
12158
11874
1231
12277
15845
1324
4145
16916
2682
14274
5413
8660
8737
11170
4658
5985
19483
11826
15320
19139
17002
8730
13283
18997
15600
5978
1876
1736
13495
13244
18729
9656
9513
11461
1021
8844
19722
8329
1244
19167
18051
3322
13211
7181
15066
17048
6455
17853
3041
19094
931
18326
10201
3924
7518
1299
5503
18364
10399
2036
14905
17194
4364
14291
17299
6043
4475
6357
16276
4075
15608
17118
14598
15962
17507
13632
15963
7404
9181
646
14151
12215
336
7529
10844
6830
5739
14966
8831
17656
16357
10632
18148
5365
16201
10701
9525
6480
4129
16428
19215
14563
141
8802
6512
12801
13057
9772
16058
10416
15247
3747
14232
17321
6995
4267
15261
1071
12843
199
15077
6849
7489
10914
16245
19340
13451
8209
5608
7562
19103
13120
10913
9021
9675
11078
14302
1617
7974
10234
18442
18191
17013
15520
1496
11930
8859
918
930
1648
7774
12981
3714
17450
10480
14369
16870
11870
3622
19160
180
7160
9710
740
9971
19652
17158
18559
15906
16170
13641
15496
15357
10896
148
18534
3390
18406
19890
15010
11677
3574
2396
10728
892
17904
16241
9233
4646
9706
3842
16246
10894
11869
15125
14484
10556
18798
12824
432
386
19617
6700
9637
19455
13053
3988
13955
12066
19281
16552
863
622
19498
5583
7389
6023
7505
4041
9975
926
17071
2561
7082
5930
18304
10263
14521
14524
17602
2800
11132
18320
1940
16169
4288
10297
13480
15015
14064
13319
7911
11737
7397
8299
62
9301
15947
17199
14413
10864
427
10524
12315
16447
2835
5328
4221
14814
16451
5696
4959
14007
16577
10847
17437
7105
977
12493
13702
6282
8160
1768
4599
261
8258
18899
13035
4627
16071
2494
14322
2664
4767
16355
5339
12646
14166
1254
10756
5736
15287
8059
7129
4060
5016
11948
12221
2077
19369
2932
8172
8548
15335
11374
15772
560
5236
1123
9633
15533
4163
11582
4158
5111
16307
18481
5649
8828
3631
13359
8225
16621
12615
13304
7147
14739
13876
13773
11116
2191
17238
1927
87
17940
18564
5100
44
8111
16379
16319
18982
11631
11533
16943
17590
14679
14523
19345
17661
8464
4787
12213
18774
9064
18649
19349
17692
15723
16934
8400
2579
18094
6497
19916
6861
17151
12616
3303
4304
12049
4619
11538
10476
12016
653
4308
6577
2349
8171
482
11754
16704
5032
9554
611
214
17984
14415
19797
5119
11939
15945
17689
9228
14896
7079
3764
10568
18634
938
5862
3229
5659
3677
16698
7165
14431
19712
2501
7132
449
10744
8695
15277
11177
12287
9043
17068
10627
17311
1432
17589
15051
4867
5690
7882
18196
1204
11439
10793
2406
19539
2440
16050
13149
5000
14186
12820
1338
8768
7591
12890
2857
10604
12339
12901
300
19791
12999
6246
19844
17889
2478
16356
8801
4708
1540
13857
17700
14317
18280
7290
18355
1994
17740
15843
11088
3405
5594
12449
17642
1084
12138
9604
5600
3127
10186
19667
5983
7277
18272
19569
19992
1514
12621
3061
3314
11547
13279
18758
7992
5131
1992
18796
18459
7706
8028
13004
10459
5533
6944
12565
12275
12132
1968
768
14538
17746
19105
5238
13951
12692
17499
12242
16645
1047
2351
6817
4084
2847
5239
6305
4000
18775
6699
19782
4949
1117
2520
5923
18762
580
10675
19531
11254
1805
6728
14461
73
5175
9636
11878
4785
11306
7156
8430
15920
12587
1760
18971
16376
6885
11229
14897
14142
7852
17386
5351
8486
2927
6929
7617
1918
10747
12701
3657
14946
14580
15904
9744
5622
16778
11550
9017
12634
2130
17767
13249
1871
317
8898
9474
5874
3849
9676
19179
14963
16582
11109
19272
18712
8668
4394
3388
18034
3785
13928
8558
19201
13255
4545
2879
6976
623
7463
4037
11609
13671
2964
10082
5338
16505
1466
8041
3286
14418
13939
9079
36
5197
19625
3710
602
16165
19129
1566
16663
3324
9864
19934
14548
19424
15513
9462
17623
6529
19286
3646
17463
12101
4846
2569
6294
14736
5725
3242
19434
4556
7821
14385
9759
9565
8565
17957
19766
15936
5512
19613
15255
16836
2669
15440
4798
12113
12937
5538
12398
5785
4122
9740
17843
12394
2724
5789
10120
16910
4793
9762
10796
16987
15354
9910
18166
8049
19303
10425
1676
898
8683
7652
3912
5891
11353
1817
8011
11801
15050
2219
18267
11334
12555
6500
3278
7340
14820
15472
13539
16932
3387
10807
2220
5184
7790
17131
18086
2610
12388
17375
12443
3859
1066
3940
17544
1393
19855
1583
10589
19319
3017
6302
5946
3564
7719
12051
14254
7773
608
15001
804
11735
8646
19280
2955
14046
8784
12295
6217
9213
5993
4507
4251
6069
12054
3998
2388
17016
12395
6958
8815
12197
12644
10195
790
2675
6671
13357
13436
14270
13485
10898
14885
16600
349
562
3458
10637
7241
8289
1803
10353
1914
414
6975
3305
10576
11264
14177
16547
17540
2742
6609
9915
9889
7885
8611
9111
14038
16611
2975
11423
14081
11388
13408
18755
1739
12421
15419
16575
16030
4047
11346
6786
5470
13356
7297
13413
19188
13074
17680
16876
8709
9899
5564
13506
385
2039
11350
2729
92
2999
10309
1952
8094
339
11980
1293
1726
8048
13661
1167
1348
13961
298
15120
535
1701
16635
7872
8750
2449
14912
8417
801
10427
12027
12613
15165
15053
15461
14920
14490
13611
16291
5477
3680
12375
19922
12003
8967
4429
1789
6062
7896
19943
18826
16852
1478
6250
11672
6191
11381
3348
6143
7806
17537
13335
15340
19517
6471
3876
131
14915
17418
1737
12456
4570
9232
10236
8900
19447
17019
10781
7984
15953
14656
13290
19708
9858
5554
1687
8816
9148
6829
13168
2537
2925
6877
19355
8242
2123
4187
9128
7610
13349
13827
11707
7912
3274
7915
19096
19113
3863
11718
2104
18271
13646
8480
1569
864
18147
8914
7580
8015
5077
289
417
8421
15498
13204
10527
7433
935
1640
8269
13187
4270
13223
15356
13068
15000
13373
3048
11471
3072
4019
13658
3012
13505
10363
5395
6709
7573
7367
12729
1909
4239
4703
13625
17129
9008
12751
2048
9898
16101
3811
13729
2114
11438
7345
4884
439
9390
16919
6382
2139
5215
19106
15914
9587
6875
6339
17735
9415
6337
19533
14940
16978
7019
12190
14805
18356
10788
4989
10325
11827
13420
4381
8540
10095
1889
3510
14973
13048
4081
9989
14923
17960
10249
14757
12706
186
19310
15943
13481
18781
11417
17478
17206
18319
6137
15848
6095
14878
19079
2252
15709
19837
1490
8624
3097
14778
5333
4315
4116
19344
4660
19126
15823
5433
15584
4679
2889
2756
19509
4377
9083
16131
10182
14518
9822
18700
10036
15743
3478
850
658
4171
12892
1186
15719
4620
11540
19197
1612
5390
14045
4099
5814
5720
13416
6449
12055
3879
13913
10487
18112
2283
5742
11298
15747
9826
19266
2186
14597
1276
11607
17295
11807
19793
1090
17952
2280
4128
17355
4655
7008
19040
19864
9020
15878
12866
9061
19548
7670
702
3143
18671
18127
14423
1391
6202
17449
17113
7663
16232
11012
17062
6890
7161
14165
1790
5469
14070
9893
5563
16726
16363
9323
15902
18305
4186
7861
16549
8937
7063
13488
13345
15202
2768
8276
14499
8617
19965
6447
9507
14522
15220
9770
2459
15133
11565
1580
16215
19709
5377
12498
8917
5011
14510
14156
15108
15212
18129
10139
17303
10795
1193
13855
18134
5183
1807
11680
12996
7635
8120
6966
15252
4042
1453
9029
17050
5446
2363
13973
15967
6468
18218
13500
6342
11185
10768
10657
18049
6306
17473
8879
13893
6759
4156
8886
11208
10503
11218
13931
1572
18096
7810
7753
2430
19724
11825
11804
12331
18779
16866
19777
2684
7754
16657
10819
17938
8246
9431
9247
3078
10374
16320
19289
4203
19695
2584
11560
2461
11992
19124
19145
6353
537
13428
6239
5640
9945
15178
19787
15195
12547
17992
12304
12918
15548
8071
3808
3420
11409
19796
11281
17007
16020
9331
16477
12006
6201
3778
15796
12357
18493
7432
16807
12329
17287
16680
14742
2236
14635
10811
7326
17779
15681
12573
14785
6123
16615
9476
12309
8181
17999
9721
18916
18370
374
19820
7616
6828
13971
8807
12512
13256
17309
4202
16190
1694
17769
10116
12387
15866
10931
14328
5699
9414
2239
17903
3796
7239
18259
9841
2562
7111
5805
13250
15222
6347
13324
4991
11002
9806
13591
8485
18860
17916
5728
18029
6288
14870
11877
6268
18943
15780
5660
1646
4360
16779
17928
9178
7761
15749
17105
2032
18520
8144
17978
10522
14906
4330
4912
5273
8325
18546
17683
12591
17428
2326
3234
8254
4622
13863
15008
8278
17979
17574
1584
7055
19718
18525
190
9627
17106
626
8511
2023
346
18358
7841
4755
2872
823
6327
4605
13711
3307
12177
4387
17319
1005
9050
10948
3275
17929
4591
19560
15284
8381
12503
13958
11543
12232
4319
2888
3245
12048
9653
964
18813
6573
2405
2173
19308
16066
4480
11014
16620
19057
14208
15292
10760
5472
866
4146
18790
14678
16781
3466
12574
1924
18681
9055
6705
19363
18696
9285
12536
2830
17300
17863
12725
16816
8274
18050
18816
18090
13562
5544
2320
14022
9223
7262
14161
3182
7355
10312
18898
8797
16922
15757
15852
9406
6654
4835
7671
19017
313
12367
10929
9466
516
11227
18621
4843
666
1787
11590
11183
19570
11153
4716
2589
452
1625
1097
2917
7461
4149
5054
18139
800
18820
18456
7208
495
13311
10625
10340
5262
11669
7374
1748
598
1838
1350
7963
2679
10960
14059
8227
11876
2003
3180
19223
5067
7883
5348
5657
6356
16773
17285
18902
1988
15908
17142
2168
3575
312
4473
14139
4190
3518
17239
4463
4546
4404
10348
4236
2175
15788
7629
15404
3480
1427
5129
16727
15239
14610
7198
14827
2672
249
3116
2381
885
15554
18053
3060
12785
7860
3164
12259
2910
12995
6815
12510
7579
7836
1680
17819
7210
6129
19087
4194
2941
1512
15290
13260
8412
15755
2026
5242
15977
8947
16849
9245
13449
11344
19611
8189
9557
6613
16345
2262
14914
13963
568
18539
19359
4125
5898
19339
5981
15042
2038
17675
19964
5166
15301
6505
12722
19691
11759
7189
14020
17278
11822
14856
5171
12047
17085
10175
1208
18747
11329
4794
14092
14931
6696
12207
18487
9828
2653
16960
11771
14833
19626
16730
17546
4832
639
9481
162
7834
3592
14576
6076
15563
8312
18724
10554
6997
15752
7058
3529
12099
19689
13831
2347
19386
5450
3046
16487
13203
12677
11983
17076
16683
9450
10383
11710
6335
6366
3316
15134
7818
3200
798
9031
17652
12045
9452
12238
14115
15932
2961
13964
18119
17681
3173
19997
1145
19217
3829
17370
3397
10171
8783
2513
12152
3722
11964
5170
9961
8047
1912
16578
6825
19892
1388
14470
15888
6639
2029
2496
15308
500
4770
16317
8087
807
19860
4416
19600
6319
9981
158
6261
11703
16973
9410
14256
16566
16497
16431
12302
9543
13078
6407
15625
1541
3265
18491
8352
13291
3192
15363
14251
9764
1139
14560
19770
278
13351
1761
19503
8981
11952
949
10014
15698
1731
7590
7645
12662
9963
19245
1822
2426
12198
15139
12035
7953
14036
13970
2348
3194
19032
15342
5514
7678
14481
8115
17748
6434
1032
5719
2011
7720
1115
1332
15933
8942
10566
5120
15385
14699
17272
410
16023
15509
2393
10758
1197
4740
6937
10038
18239
19857
367
12863
4355
7978
5973
19140
16210
5479
9407
12350
4213
9336
1342
15521
18668
19499
355
9404
614
613
15816
12399
1351
10127
11424
2948
12989
8940
7113
11488
12544
7960
15038
14837
3605
14094
3181
19838
3543
14828
15374
13389
13371
19707
5055
12669
15975
3210
1567
6056
5122
17971
6412
11402
7138
1347
16981
14494
13230
8451
13358
2743
13497
13649
3361
14754
8805
187
19097
14684
14170
9483
1686
2988
3256
1969
19304
11685
894
11071
13193
9888
9848
2602
14245
13216
3746
15210
7122
7194
7743
2172
12423
10707
5961
6229
19576
6795
5116
334
3279
6354
7232
9932
9225
2634
19583
5958
8645
2534
391
6450
17607
18619
8444
16156
19492
6647
12724
12021
7797
13404
14069
4065
18064
5009
16967
4865
12090
16214
16433
18467
19532
5988
3821
10502
3160
18928
8438
13181
1587
16721
11443
19554
15161
16917
2548
18102
9911
17317
18012
1110
17141
16336
9635
11542
6462
3693
1070
11186
7491
6931
3313
4677
13730
17358
17755
16183
7215
10153
19993
8999
5146
14301
901
2423
8773
14359
8977
18081
18499
8492
9159
3597
15653
18623
16971
6341
10119
8158
7918
3975
3583
17139
13235
1241
13995
12897
7748
2930
2837
7511
13044
11945
6156
3045
836
16909
15815
9771
15270
837
10989
764
11308
17561
9198
15151
15700
12535
12769
2721
5972
1958
13881
6565
354
18174
9755
19163
19751
19003
15078
2337
10785
17782
11648
12986
12296
2639
11495
14738
8389
15891
12611
13932
11162
491
9951
15395
13102
12778
15347
9515
18845
15143
8062
2992
11472
13147
13150
11688
15391
18945
9389
3974
5621
11027
3840
18367
5196
19416
19762
9819
19130
7383
12175
318
17824
1555
11510
3985
17313
4036
16977
11121
15682
7410
10949
19086
6159
3055
18856
17325
4363
15190
6394
15388
11253
1990
19432
10902
15
15328
17457
18580
1380
14740
17579
18742
19655
2481
15633
8245
13921
15119
5424
18540
15929
5327
7571
9846
12499
15396
12192
9134
2080
18538
5121
11579
18201
14426
9648
8339
13705
4031
17253
7282
969
10543
3688
12872
8700
15872
16626
14122
18759
4054
19338
17793
15435
14106
15028
18120
1060
1653
7020
2646
8159
9418
1030
7136
2878
2678
9033
18642
551
10023
8149
18914
11652
13638
18652
9692
7438
11663
13978
12960
13017
151
19005
2986
15392
17949
19437
12518
10713
2821
8217
4371
6424
5741
5329
11551
13891
13987
16784
3701
1911
15529
3124
11422
14711
6290
18740
11623
8214
9696
3104
14242
5415
10327
16627
3856
9914
683
7016
6215
14325
6110
11297
1164
2433
8888
589
7289
18313
17037
19612
12882
18289
7324
16134
4008
66
2616
15659
11089
3598
13360
4712
15639
6437
19798
15464
11784
3344
13405
12001
19099
1366
3070
8553
19829
18383
210
19630
16869
11431
108
13332
5969
4374
12145
173
18288
4984
7512
10992
16198
10970
5214
18912
14613
12406
9294
19975
12333
13841
9629
8231
6892
8410
8060
10546
12014
9166
4173
11521
11907
12673
5786
15506
8667
146
4123
14527
9353
3544
6325
2974
8235
1018
19666
799
6778
19772
12059
9342
2638
5557
4510
19082
342
19685
8796
11940
15874
19068
916
6747
7803
5880
10132
6345
515
14289
14042
5247
8715
15454
14934
3296
18275
18401
12886
10809
18316
9508
5335
6563
5633
12131
366
7816
2227
17354
1872
11808
9559
15578
13681
8840
11998
15949
16271
13805
18256
18297
4669
9869
183
3553
4376
17465
7382
4680
13312
19493
9200
225
1611
9487
4844
11899
17816
18615
16113
6482
3476
4738
5807
14539
2980
16491
15609
304
15429
5349
11536
2873
17720
14197
18455
2273
16806
3887
1624
18255
4664
5632
4898
8393
12281
14517
10054
10555
10579
3168
16421
7444
1887
3058
9194
11752
14141
8819
12841
19682
5320
12860
1623
701
10839
18969
958
11247
9933
14910
9756
5068
14627
14578
19805
18624
6575
13183
583
9453
16496
529
12821
14617
16955
17440
12160
19589
14138
14253
3878
10623
1162
7770
781
17900
5002
17659
3560
1649
16952
13029
8881
18569
15799
17494
8970
11507
4452
2012
9395
8323
5261
16608
15189
8110
4799
4180
5812
4519
6969
2000
16076
4417
16995
16792
14268
3643
13822
18109
18381
16130
18894
12562
15207
15302
11972
1708
14074
9205
3087
14313
6307
3659
17750
2734
15402
14694
17776
16459
12195
3178
14444
12380
5643
7135
19321
65
9596
244
17403
707
19012
3896
15355
17200
18703
3909
13819
4726
19536
7825
8196
12538
8640
14868
19029
6676
8277
10939
13190
2269
8261
4324
6821
16004
3730
5041
5863
13787
18435
6281
15034
3272
5097
19984
18346
2588
13567
15045
16286
16888
1408
11269
6656
16674
15114
16275
17815
5288
17318
16543
4882
3102
5265
7053
12251
16954
10458
6018
17218
13161
2301
2195
12327
15055
7864
5229
3976
16184
6793
19454
19084
802
1802
3330
3858
2623
7858
10784
10336
12299
4157
6903
18757
2060
18769
8883
9570
19018
13690
1629
16846
6610
13367
9561
1127
12772
9437
14392
3757
5586
9856
1281
16440
2619
6888
1823
6918
14984
7528
2567
2264
14541
6887
8586
1176
14695
6651
18550
12695
6679
689
992
17380
18097
4034
4014
7536
8310
2455
16074
749
7139
13738
12130
13347
2133
9851
2776
9586
17534
15436
13691
15208
4002
8385
13744
12970
3938
656
3298
18116
10193
16894
9979
11369
15047
3875
12594
18552
9440
5899
7594
2642
2241
4005
3000
10428
17554
16200
7603
16369
15370
11514
838
489
6183
10654
18731
9214
19550
208
14124
9837
5405
10777
2968
1444
3269
18548
17116
688
16710
4796
8155
5457
7145
446
13110
13727
19058
15614
14653
6744
13323
3288
845
4098
2482
9502
6735
1618
4508
6526
11287
571
14198
987
3235
5845
19741
12378
15669
17378
14387
9132
6235
4965
7249
5155
10882
10583
16293
19981
3844
1631
11205
13077
3257
8279
14174
2727
5604
6585
8704
3212
8448
5
1682
6692
18808
14755
3226
17061
4985
1056
16523
9175
5005
15273
19294
5271
1728
3241
3920
4101
8272
19119
7780
19901
3406
17086
418
10880
1916
7556
2055
6689
10166
14111
2435
19143
13826
3126
10465
14211
497
5355
17850
3706
5955
15844
6441
145
1396
8090
10548
4027
13145
9311
7734
10229
3332
10094
1827
1223
10840
12484
18806
6626
7680
4641
16964
9206
17145
13762
16086
7744
18515
12410
14368
18098
15900
5145
3824
4577
3132
10684
940
15298
12133
18365
5050
6994
16480
18362
5957
13812
17566
13777
15149
4379
14691
10656
14310
12325
2656
9918
18403
15092
12997
10395
8636
9449
5821
15907
18393
17249
16471
16881
15401
15879
8445
4263
3335
12261
1603
10289
6048
13561
16335
18247
13180
1848
461
5655
12963
5878
13448
3589
13936
8022
18164
4124
3556
16235
18429
4242
17584
9408
14334
8399
11797
6567
5504
2315
13437
9741
320
13993
10151
1192
15601
11786
7950
14314
7480
14536
6964
18089
17894
9349
8572
579
14487
13178
7100
8944
18505
16819
4349
11429
3961
13977
19979
17807
6133
10246
12522
9314
17606
12671
16962
13036
12903
19665
15537
9921
18187
15159
10740
946
2635
6792
18237
10105
6785
13378
12968
13851
4442
18328
17221
11370
11975
19807
912
4282
16716
2779
7689
709
17248
19110
17713
3175
7776
6555
14293
7815
15689
2663
17059
16811
6576
1418
4305
12540
17379
4023
5130
18863
14379
340
6701
6051
5800
10545
1189
5508
9161
3287
6777
13600
9519
9493
18772
16584
19473
1559
7224
16944
15271
5560
14004
19899
10100
19046
2282
13438
3395
16424
14344
18992
19602
17778
17703
14326
429
5375
5510
10698
15935
11984
6064
13376
13435
2915
17481
2894
13012
3755
2858
14001
6258
10315
8105
8880
11463
10366
9797
16994
11977
5088
14555
8781
5084
14663
8776
2942
7417
1260
3819
1812
6363
18489
2911
4950
12630
5165
12736
11657
13307
14866
7640
13011
11721
4405
15330
6763
6029
16749
104
14917
7570
5474
1259
6077
6466
14311
8121
2869
15258
16035
2037
10748
6746
5808
10515
17967
13076
5103
4998
18203
3984
3114
9965
226
9834
6343
17524
5507
15913
14091
17109
11036
13781
9256
19496
356
13022
7465
16783
11415
9746
4737
17017
12977
17269
5192
19578
12743
18072
9219
7373
12653
11714
2850
6322
4444
5202
11921
6741
16558
3709
14751
4340
443
16494
6719
18811
4870
14529
10644
11572
3790
7287
1165
5573
11031
14003
13192
11154
15007
3219
13151
3251
13215
17283
14782
2886
12216
2073
15714
5283
17754
2876
16253
1202
18500
8268
15605
18219
15541
6697
9538
7339
8429
14964
1563
13588
17264
5929
14191
2862
19118
14595
6279
4590
17448
10001
9752
12156
9677
19841
3768
16398
11363
826
4211
12231
7342
438
17459
19523
6383
14851
7451
1180
2959
5179
10865
17060
1206
14338
4910
11228
8661
8752
14810
8058
1154
7230
4939
5326
3436
18078
7085
945
4593
5943
648
9398
2785
5678
8064
220
16920
19060
8109
91
3062
18765
13663
5711
14479
14907
7498
4559
18010
3165
3377
18386
4195
396
18832
7709
8118
6340
15423
3908
2763
18462
13667
18339
2775
11761
8892
4926
17502
842
15877
9045
18253
18149
18871
8211
1082
6487
18454
16976
4554
7549
19870
15416
5651
6274
6525
17080
9639
12306
11294
399
8972
5421
4511
13909
3934
16403
67
4857
2258
5579
16950
12819
14908
9060
2450
3
16837
17821
7479
13603
19971
13887
1892
14980
4026
17006
8391
3113
18471
17470
12602
8649
19880
2374
14226
12459
7920
16672
13384
4421
2289
16625
3342
14164
2627
1050
2709
11081
50
17394
15658
8476
18368
13365
6933
1756
229
10405
4634
6469
12810
3580
18318
5241
7482
11433
1081
3814
2018
4192
16239
1041
12590
10873
4245
15032
11851
9025
7137
3644
2049
11679
13535
18498
2738
14495
6271
783
15568
10769
3443
10564
13237
15242
8959
17785
15026
1024
9429
15003
18613
17128
8027
12939
3577
4112
16287
5835
19228
14730
15547
13432
10035
7731
7258
7716
17756
14918
16013
5697
16822
967
16324
14924
3995
2860
14717
8739
18834
8684
15672
19692
19435
19033
3044
8848
17348
19623
19747
19218
10227
13789
17619
13061
7231
14050
2230
8303
8702
10112
3071
9634
5813
477
8763
16539
10611
6377
9428
9077
4954
18631
17382
10071
11309
122
8499
185
10380
4310
11916
19172
4491
5233
4774
5172
16164
2825
10253
11204
16389
8003
18446
4342
7584
10915
17490
5761
11627
13275
3461
3460
10743
11377
19327
14343
9039
8458
10724
17836
16283
8519
17215
9709
4409
12019
16831
18263
8507
19275
8271
6508
6984
5673
17028
12393
15430
7236
17047
13353
16008
12688
19819
8851
13091
6641
3809
5669
17397
13263
9271
93
1696
829
8057
8912
13454
7764
1423
12252
5804
5727
18741
8317
12091
12018
7525
8084
1155
14955
11191
8031
1321
2087
619
18716
12971
13225
7700
14062
10219
9906
12596
1642
10911
14118
7926
10283
11751
19384
12002
3627
6213
16226
17161
14279
8212
3520
4864
13895
4536
2067
13141
2577
700
436
17290
1659
19891
10282
2984
9034
4687
10950
14731
19297
17975
17492
6416
3705
12951
15414
5513
1247
10332
3317
18950
14217
10454
11020
76
7657
16490
17976
19547
17801
4260
15123
10037
14276
3941
3996
19640
19824
13032
10927
1382
10286
2064
7393
19205
1238
18070
11354
13557
4272
15135
8514
14976
14179
1786
15004
17856
5475
6444
8918
4035
8294
7315
13298
3101
17467
8823
12004
5224
1435
7430
2127
14638
10092
2152
10173
1996
19776
223
16007
8193
16563
15422
10367
10305
10401
9792
5596
7495
18264
18554
5409
17953
6934
9606
17335
11961
13352
11855
238
7173
9879
13838
1963
8628
1222
12139
4538
17364
13424
7257
11644
2448
6920
10329
3585
13797
4885
161
7229
11770
862
16361
15618
739
8956
7745
14173
11649
17365
15248
19147
19067
2292
6724
5931
11190
9051
14979
6754
3527
18685
110
7777
12554
18752
19301
12605
576
18665
3280
3542
5854
19352
13059
5576
16482
2392
380
17817
6625
7119
18760
6391
2436
13883
14013
15421
11137
14950
12383
1638
14790
1136
11062
15621
16548
1445
7879
7962
4264
532
1915
1422
18001
4814
14421
8479
6182
18970
11279
14194
10682
4004
17471
13366
8298
3902
12217
4630
8079
19801
10533
13445
19451
14193
9152
18266
6900
17986
1510
4494
10135
16054
18933
1141
494
13689
1960
10805
9096
8988
14388
3353
10803
2880
1614
9799
11871
11996
12204
8638
14892
5531
14999
2284
14921
6633
4259
3239
11990
12721
1679
9818
17605
14154
3950
10584
11343
5701
11467
5616
11665
5311
14587
13287
3380
3301
10083
5193
1953
3608
9216
15535
19952
485
5250
19088
11931
12078
207
14295
7980
16429
2580
7917
17622
6953
11184
11760
19038
1096
6008
11622
13718
16107
10029
3625
19733
13923
5860
232
16756
2452
8866
5321
5910
17869
17744
9319
9715
8470
13780
10530
12179
18443
12693
2505
4632
12954
1095
16372
14336
13226
5809
16032
11958
11833
15487
4497
8411
4878
5254
13156
8971
14693
6207
1067
14631
12271
3681
11861
5838
3712
952
19255
10230
12765
9690
11290
1505
9160
12818
9957
7078
4471
17108
15146
18919
2487
10514
7828
2744
990
12313
13856
14535
3578
14308
4761
5620
16146
17247
3470
4614
7540
1712
4066
15903
32
9866
17618
11979
2110
5897
9028
1175
2565
1288
7250
8666
14345
8045
7940
14331
4530
15598
4244
8128
10703
19168
7341
19439
7244
5317
1273
17832
16951
5534
8903
10080
8842
12465
15415
14351
433
7651
4623
6925
5353
18788
19102
7534
253
9234
5865
1543
8966
18951
565
7216
1052
16418
16208
17032
369
19783
3059
7081
11995
19967
18345
1414
14544
19540
16642
4341
13712
11286
1620
17911
11293
16845
6002
16883
810
15041
14629
10806
15572
10209
19413
14424
17181
14346
8075
12875
9409
10488
15410
42
18962
630
10291
9006
7488
19165
13067
13840
1647
578
3375
4118
11436
19254
19465
1758
15982
4209
7017
8204
16889
4700
9930
10659
14735
19591
685
3731
9645
3787
19438
14027
5331
19431
12435
3483
18581
616
10736
2361
184
10434
3567
1301
17884
508
2929
12015
19595
10621
7032
8568
19634
5963
2052
9088
11696
15717
3502
4306
4931
15645
10167
10688
16095
310
5828
2867
14880
4758
2609
16236
18656
9479
4973
3793
16182
3473
19961
3526
8938
19912
15858
11003
6928
6702
3011
17164
17527
15941
15054
3717
8382
11127
16795
15499
19187
17046
9100
6086
17510
29
5182
8286
8995
17721
6556
8164
15985
15081
4079
3454
12534
6992
993
4110
1720
16752
2750
3172
18585
6921
5587
11493
4555
7214
10718
14123
1747
9308
743
6476
15237
16623
6081
4178
17137
5650
12683
11608
5036
16034
11791
12607
7088
4217
11124
8178
6193
16999
17391
15650
10191
9118
3967
6908
3804
16171
3654
4247
470
2659
6582
12950
14464
7419
3148
684
11867
3954
2511
2622
15048
13243
1867
11038
13054
13179
624
13696
5671
9387
16163
4353
7740
5824
174
19670
7997
11326
10815
13055
2235
18276
17146
13644
3161
14189
2541
10761
9619
5996
191
4137
18008
3038
11884
4015
13948
12497
3297
15787
10562
3800
2908
3805
15859
4946
13537
4690
13986
7793
18036
11888
12858
3723
8151
11321
3715
4131
16685
17036
642
1184
14759
1479
5226
4474
6415
10888
15819
7546
15307
18840
12792
12619
5630
11729
877
19252
4526
7486
12335
19725
7592
18508
9210
6218
9424
18821
7476
9892
18057
3650
18395
14409
2810
7425
16868
18391
2905
1101
10341
15733
378
6402
18279
13238
13513
4393
5209
1268
9558
13548
2812
10851
8820
18868
17508
10373
17155
6021
17736
5636
7888
5492
9568
16264
2546
2933
12436
7568
8875
15153
4456
1061
8392
3504
13043
19846
735
19513
4724
5694
6635
5781
1057
843
3028
4763
5303
3434
14192
425
7611
7187
6030
18874
6979
15527
16926
2359
13197
13310
5090
3576
4537
6614
12936
8770
164
3006
8078
18952
13586
14299
272
10979
8195
8074
7151
3853
2208
16530
1240
18091
6542
1528
10919
7377
17764
3776
2116
18763
17641
17360
16861
11280
12776
14321
14829
8344
14175
5986
6333
11790
16678
910
1978
7164
6780
15310
7004
12359
5535
3399
7598
14002
16754
17192
6324
3372
10588
4743
3587
6714
11859
10783
5536
499
8240
9067
13000
16426
645
11601
9146
994
7427
5007
4419
395
13784
19042
2555
15311
15103
3284
2088
18195
2715
11814
19990
10892
4488
5652
4877
15624
15996
6094
11013
15450
4862
16384
7626
6127
8596
11830
14982
14298
12760
6074
8471
10005
16339
16089
1716
5125
2303
19966
14143
10757
8741
15794
3658
960
6355
18657
10820
7295
2972
7264
14681
13782
15031
7288
9594
9157
7454
1296
11213
7930
19879
2585
4777
16206
17255
17322
9832
11719
9259
2129
16913
9065
5490
18158
706
15846
8322
13254
9959
16707
54
18979
7796
18141
4426
13866
14436
12641
10468
19806
14847
17673
8555
5559
7987
9313
16610
17491
8747
10500
8812
12471
5765
17350
15821
8387
2437
2389
9463
18342
6470
14355
10379
9795
14378
11951
4747
4699
4515
10140
19484
8331
11257
11091
35
15471
2957
6101
3417
10217
6244
2966
4347
14416
47
13736
1660
18482
16607
15620
23
15526
16444
16448
19507
17610
6494
17710
8297
3364
5885
3978
11739
11766
3054
10540
19090
11383
4105
17861
8318
6805
12509
6713
6998
6970
10669
2802
18023
14133
7504
9263
19074
10407
17055
16381
1336
16483
8556
10206
9430
12560
17924
3079
18405
15097
3610
17065
19162
18477
13106
19335
473
13440
16160
2489
248
1013
1530
17384
4262
19731
4891
2009
5695
15022
19593
12523
9443
11168
4550
18987
19907
1199
6501
14478
5676
18990
4944
19651
8472
2493
10359
9121
14716
18998
19639
11988
192
16463
12504
10834
14285
5938
1142
4154
12096
10474
1869
12934
19672
1546
12397
10177
1522
15254
14117
12940
10302
38
10349
6352
6694
17197
2224
11661
723
7606
4915
2325
16606
15012
2334
15679
1492
16464
19940
3429
7842
12561
18597
15411
13316
1711
2074
11963
16592
2260
10808
10220
12910
3645
15835
716
18347
13123
19425
5709
7033
8655
15111
3565
4307
10285
14096
8735
14816
6667
7303
19588
9722
5385
6240
11055
14607
14041
6025
15713
9154
19773
18838
7695
4490
19897
17029
18925
10306
4600
3146
9098
2137
1079
19584
860
4751
7544
99
16556
8563
11987
13843
3401
9249
17480
3033
5106
8605
4375
2920
17516
2632
1407
9268
15477
4380
8337
493
14995
6087
2296
14564
11835
17338
8566
5615
14589
16102
17803
3152
408
18715
10646
974
13743
1626
4707
7587
14395
19442
722
12809
16780
7708
16968
12556
488
10472
10897
19982
2751
1044
3541
6019
2319
19974
7609
10028
2122
17571
546
16280
11107
2203
1161
792
14085
8372
8356
15885
16296
7541
5520
8275
3675
15727
15551
536
16714
1860
7687
19006
17310
1205
17690
13212
14023
556
1089
13610
1853
13176
17872
8571
4358
10649
18215
11064
13200
12770
11416
6707
8787
13640
4020
4233
7346
15976
3136
1718
7310
7662
13233
12427
1303
11619
246
4572
9376
13292
9590
14986
6139
19980
14009
638
10883
18961
19983
13439
3684
17835
11821
5295
11362
5221
1641
641
1312
7813
3503
2166
14545
125
12773
2228
3676
5309
7336
4074
18828
14789
18431
13605
15739
12073
3651
16878
9964
9831
13060
9775
11303
10501
14998
18850
8198
2816
18105
260
4469
10521
19951
18883
11365
19388
8359
19877
16953
6057
15141
19759
19556
4668
19151
16051
12285
4391
15305
18387
17901
10473
14882
3724
15640
10963
4656
2841
1262
6367
19863
14712
5774
1217
14710
7436
18073
7804
7273
2016
16151
10017
5223
5314
13983
4894
2636
18736
7705
14252
8073
7260
1156
3588
15167
8099
15516
8161
13551
1295
18042
6594
8729
19276
258
2142
8789
14857
10006
2253
17353
10347
13098
3812
7650
15826
9382
18389
5154
16331
17665
2013
1579
1464
17966
5199
7343
4384
444
7003
1531
5416
18897
16691
8857
12814
16062
17074
14652
908
9457
9501
12041
11897
15577
1671
14646
7150
10884
8980
13450
15067
2102
15853
17443
13142
15476
11029
7056
5117
6032
6733
2549
16604
4982
5778
9069
4489
15725
12376
9787
5316
12739
13425
4705
13411
9343
4127
19404
13177
19543
7785
10418
9988
5451
14394
2962
534
2229
12208
12255
5304
9140
7499
10721
19835
12122
10494
18643
263
13361
570
3090
17542
10523
4587
16098
6584
12879
18827
3391
13670
7868
10956
11564
10481
49
6442
10264
9718
10447
9660
397
19299
2865
4056
4139
8825
18156
7449
6257
963
1596
6653
18727
2365
7066
11347
7665
9397
14706
2746
8016
9292
17339
8505
9402
2345
4914
11413
16839
4414
9350
2054
14708
6259
8520
12466
10985
16237
4337
8833
4153
4736
11494
7201
17895
8104
11872
7848
7207
7901
17402
15940
12956
13765
18108
9996
1027
3349
160
13820
11018
769
11629
2694
18506
3990
18589
17088
9805
6797
13716
19986
5654
17329
12469
19896
6847
876
8132
7863
17582
5684
991
548
7167
15892
10490
16715
14591
6190
129
14643
10034
3215
9694
4808
11040
6536
3354
3563
14671
19419
19422
1825
10733
17615
5933
11386
15758
19999
6834
14480
16213
17701
9610
3771
7108
2002
6982
14199
6326
12835
14372
10479
9940
4090
18851
2308
19843
1278
10257
5553
5721
17444
4502
11142
2274
17930
17965
6534
19500
2702
4424
16874
16776
53
3001
13338
16112
16493
17258
9800
13657
15185
16867
10294
6583
2285
9125
9894
4520
690
15191
12861
19360
10076
10499
11457
16080
2066
12473
3599
6672
7247
12839
18440
1144
18037
9302
13900
14082
15916
1762
4397
10723
8854
6873
15467
11197
11202
1534
13159
4987
12227
7985
13218
7457
7929
16851
6134
16572
11586
18889
1375
7656
8846
11724
16765
4811
5452
11712
13538
6072
6336
18351
17941
13381
5186
1411
12550
981
10741
2844
139
8119
4257
3548
744
1754
19450
14292
11072
7357
9304
10962
8632
16789
17712
3098
18047
13957
10387
12154
19948
13952
3718
811
11115
11748
19744
2336
15176
3758
14500
4549
4050
7442
12907
1665
13945
10102
14825
8368
17010
17331
6197
17708
18768
15483
10404
2369
11973
11508
15882
14562
11421
51
6285
16723
13974
522
18270
13131
13982
3327
10567
9332
14380
15218
8239
1063
10729
13206
10098
5270
8614
2692
9138
15403
17511
2949
12150
7637
3754
19406
3511
7124
6464
5246
4448
11167
1341
14961
13464
5747
3965
2434
16000
14644
2773
9196
4458
5543
11853
7121
3128
17231
9317
10
19227
9593
5462
12254
1226
12966
17694
1331
2510
7949
17913
11283
1651
6349
10396
2245
15524
5281
13162
8708
1404
19881
13016
17604
19888
13882
3596
10881
13793
7006
12526
18095
18907
15833
15274
18573
15280
7995
10910
16526
17461
19937
15393
13512
17897
16057
8216
2716
3260
8186
8771
4730
18198
2021
7370
5703
12229
2600
2987
7036
9824
15438
520
5844
17591
6726
12108
17846
7071
4662
17772
14405
8234
9016
7227
11426
4861
1575
899
12140
17149
19706
16891
2384
16338
7893
10358
2019
10221
8340
14718
14236
4560
11097
12942
1489
6140
16921
9260
6732
9713
13401
15652
9368
12247
11389
4803
14399
8868
682
13533
15636
7146
15861
16537
14987
18124
1929
18221
10350
12632
2644
8433
13988
10725
4003
18004
10183
10259
15912
16383
6901
2674
11641
2484
15118
3906
3129
14029
8929
1880
984
10176
3486
1752
12676
12135
11541
19004
17101
6935
11628
15481
3435
17939
2341
19950
2218
7029
10731
2713
9253
4258
637
925
11221
17497
7318
9126
11969
16927
17044
7366
13152
7261
4689
18068
3614
15928
5532
18691
19109
3120
8156
5308
8259
6854
9255
6993
4412
4795
15087
11481
9991
7358
17678
8867
16330
10624
9485
5282
15706
9622
13062
14672
16794
10089
19978
6278
5776
8168
18783
7010
4485
9624
15670
10823
5777
17614
4727
596
4214
12347
12917
3692
8424
16353
14519
5768
8070
2422
19861
18282
14283
4873
12657
13871
290
12672
1565
15418
1511
15648
509
370
14033
13088
4311
2781
12461
5026
4818
10056
18993
2085
4445
6152
18457
12112
15651
16423
13725
13468
18458
2759
15331
14786
9739
17275
10780
588
738
10003
18873
9371
4962
5569
19865
11546
13804
19876
17033
8321
9114
13636
14155
6358
17647
10213
14438
13739
6621
3294
6433
12445
19504
3668
419
13526
12651
5256
1794
16799
7750
212
18145
16292
15316
6223
605
5598
5008
16488
15267
6206
12957
4086
12074
7812
84
16309
9705
9352
18335
15979
14729
9163
18562
16289
14573
15668
19932
6328
8042
5167
18314
5710
11083
10375
13864
7942
16116
142
5074
12876
6451
8165
11697
19348
7756
16751
19643
15408
8855
4051
13050
5299
3130
6085
16472
1088
3797
10085
8436
2762
15910
7421
18743
2165
17407
14557
2902
14988
16002
3766
15770
19441
16405
9523
2612
11140
16682
3196
6406
1035
7921
9978
16595
10605
1373
15745
8530
16677
2069
6600
1594
18680
15829
12878
14932
15890
1200
2340
10870
9356
19823
6624
6061
3661
12076
4830
3725
16394
6906
12114
18710
138
9944
655
17342
6252
8076
17765
5391
2772
19026
5139
15187
7387
695
2249
10673
4411
6399
10647
3880
12533
13524
13402
10832
15699
15215
12528
2934
4823
15175
254
12182
13575
14876
9735
782
19620
7902
16019
13027
6870
1378
12542
13624
6896
11317
19767
13943
6898
14991
18915
4170
15282
10478
19357
15957
11660
13666
1224
18299
15365
1883
16148
3110
14090
14903
16093
14795
2993
3205
13073
4266
4759
2777
13051
12929
7941
16640
8907
11301
19373
5712
629
13731
3818
2126
844
16701
10129
3846
11378
13503
18337
12746
8425
12146
16410
18260
11527
5449
14462
4148
15730
14574
14772
1571
1179
11151
17649
17226
16438
178
15769
16988
1828
5868
10966
11485
17009
16094
15473
4280
18787
8893
12559
7044
13992
8650
13248
10906
12750
17707
4886
7279
11997
12914
11304
10278
86
6024
12032
13527
9946
6266
12635
377
19214
19387
1102
5927
11102
2490
4136
5159
3963
18713
591
8790
10131
17330
2896
9947
16263
9743
1980
9041
18690
19448
16741
15359
3448
3067
12187
15964
14746
1416
10575
10774
14546
11086
8113
8378
13380
7500
57
3073
6194
1473
11599
5126
15606
18031
19469
11456
7714
9446
280
4837
4045
4691
4856
15083
5152
5012
11192
13898
7759
15470
8664
17881
17263
17170
10846
7163
8342
6216
6973
1898
6157
11950
172
697
1504
11333
6112
18018
17484
19433
11101
643
9172
14558
5964
3946
937
16192
13170
8872
8017
8256
14496
8046
10491
4440
11004
11011
15245
8559
5495
6831
8241
11519
17117
15775
9563
490
14384
1212
9378
5817
8533
8419
12833
16278
2875
5053
4582
8301
4900
18568
18549
16817
4752
4725
12506
1354
17731
11892
11882
8072
1019
17191
1847
10125
13573
17909
11068
4334
16801
17848
15837
13628
13935
15027
12546
2083
14010
14185
14455
8673
2132
2655
13522
4433
18999
2990
9139
6225
15596
13596
18235
17115
19488
4503
5276
17985
12696
13289
