5336
1043
13654
3054
4110
12921
17703
10697
6140
10810
15311
13656
15300
854
19089
15076
15905
11626
17292
4755
13329
1541
6227
5442
2014
1143
3579
6771
1439
19221
12328
7962
12515
14768
4148
9673
5658
17749
15791
6479
15272
17447
1314
16542
3172
5453
3513
15784
1764
6422
3925
11260
5773
13935
4321
11041
16434
13712
421
741
4734
14911
4217
11361
11857
17117
9232
12421
13037
10696
13497
5516
395
15273
19128
2913
10207
8986
18810
18451
7934
2350
19510
6528
2312
18756
7657
16369
9420
3403
7875
6659
10795
10303
18937
11623
3259
2530
16388
2793
2529
19453
13124
11059
6618
3767
16014
13924
12584
2222
1797
14182
7953
11788
5312
18121
6541
7741
15940
19530
3331
3167
9540
10518
4008
19651
3795
8514
4582
7900
1109
13069
19118
7482
1745
13278
10278
3344
8745
521
18289
13460
19548
18644
7640
9754
8983
14942
17881
15286
918
15097
10920
16409
11894
6192
18834
62
12401
3460
5893
3949
18445
15255
17280
3299
18663
13111
3129
16623
5033
13108
13288
17465
12407
10167
13586
5629
5251
1359
10788
11757
18923
8738
4876
3496
13551
12689
13348
7776
1428
19963
12007
12173
13347
3587
5536
9142
7064
3164
11250
17145
12378
12509
884
997
1647
16930
8147
9760
4659
19630
8274
15985
16380
17680
10858
1444
10039
7905
17632
7870
14092
11211
1865
16338
2801
8524
1461
4787
2788
19040
9177
10113
14733
6561
11304
12483
8901
14453
9107
15251
9097
19234
19960
4653
18989
19767
16309
3253
6978
7770
12979
12392
2876
13734
14071
7098
6901
19399
12009
6155
18317
8491
1442
8291
12833
14403
14545
14730
15740
12557
6961
18817
8884
14587
15434
6721
13932
18943
15025
16343
11539
19580
18009
13469
16661
2687
1288
1218
8151
7598
699
9048
7958
17677
6835
11766
16330
19596
4671
7173
3497
7528
7219
9009
16989
8828
12469
8990
7376
13456
14535
14458
10644
7396
15067
2597
4702
4859
11055
11074
17719
7306
6203
1547
7433
7429
19970
3939
19132
710
15337
7280
2787
16941
509
19116
10038
15531
3391
10360
14665
18071
16917
10866
13231
3367
11142
16017
681
2357
17583
3260
13876
6471
11565
5120
16532
167
7794
10394
10884
19583
16852
12854
2314
19039
3491
16591
13252
16043
16948
17499
10757
16625
7284
984
2098
1847
1450
13550
1063
11538
10983
11789
1381
4686
9144
2354
9160
11489
10258
10725
10975
6450
1826
5755
4199
13648
7981
12918
9380
7410
16672
7339
3892
9368
6644
15875
11540
19480
19897
7944
5999
13443
18083
15369
17811
19764
18717
16545
4860
457
1557
2702
2891
5681
18917
16517
10188
10397
9590
6807
18174
11844
3980
18086
4904
14012
796
5615
13937
8264
5926
16646
6118
6848
10110
871
7086
18418
140
1085
1376
15304
9128
4786
7283
16504
15332
13801
16893
4247
9331
10722
13761
7968
13850
16802
11262
18800
3385
2672
8558
9311
5037
14227
2675
18791
6546
17626
1983
9184
19287
16919
648
18503
3328
19584
15228
5192
12187
11825
5079
436
14656
3201
6436
10437
16292
11451
10653
9916
11715
7815
1831
10288
6255
1365
14884
18416
9071
14465
6156
19211
5931
14244
8531
772
12044
14823
12017
6895
10227
14225
693
6877
9659
9284
19328
17345
10421
17623
18169
2817
5098
10901
18823
14742
4718
12850
5795
12031
6934
15358
988
10576
8323
9541
4704
4993
10202
6751
12823
17350
4363
12394
904
17949
5405
11335
12199
10374
4151
16362
5659
5875
3826
17934
17517
5002
11910
18944
4076
11501
2484
9350
7054
4442
10468
13847
3315
15983
17858
6229
18546
11388
16426
18240
10197
15042
15547
16829
11550
19071
6625
8288
4888
19304
19546
964
4165
13565
2341
8898
3643
7866
5672
11749
11066
8284
15451
15609
17209
1490
10624
12371
17627
15857
11249
3163
9815
3426
716
8634
1522
2062
13521
15952
1328
6270
12941
13893
13947
6157
6072
6149
16432
3166
13958
15726
8041
7817
19473
16493
16718
17185
12617
2937
11440
17241
17451
5830
2733
15537
9091
11362
9203
464
4716
8692
14949
6670
12206
18930
2707
9301
4042
10195
6372
11302
1748
13364
354
14271
12422
3903
3820
15125
6524
450
13707
15885
16101
969
9529
1226
11104
16243
3856
13211
3749
1051
15218
4115
14305
12693
11023
12767
1166
10513
10809
6024
718
12887
19035
14652
6767
8177
5934
3194
16858
14504
4933
17769
17055
14700
11251
6782
15827
2394
2434
14259
8419
8163
6706
16300
5071
11032
19859
18888
15762
10636
7659
10761
18291
9430
912
7550
17978
87
10037
14707
15253
11119
4033
1952
19235
9238
12035
18512
19668
3859
17496
15939
5501
19101
1582
9384
19766
6384
3746
10490
14419
10833
6900
9029
11545
16056
19791
17346
16547
16044
3887
9806
217
547
14201
4814
14249
2203
14673
6109
9750
7525
10399
13388
18278
1719
1149
14217
1319
5250
10293
13030
8299
19204
13667
8370
7244
3752
1029
7845
13213
15078
8008
8568
15282
14194
18273
11535
11035
1239
16668
12826
13429
17197
11688
14849
8318
1982
8704
16784
7243
18854
10507
15941
12123
14279
11818
4256
15831
15380
6697
7460
4957
5044
7922
6937
14427
813
13641
11955
15130
747
2442
14913
15751
17226
10769
18044
4694
16911
10217
11523
9549
8108
1323
18058
19648
16077
15445
8643
3276
16486
7547
14126
9724
763
16006
2483
45
16436
9492
17554
13470
17481
18201
7111
17857
19570
15191
7177
12183
17964
6216
7120
12657
15051
18255
16592
12424
2352
8962
17508
1057
14392
379
1589
5131
19745
17578
13616
8024
19085
10781
18313
4422
19024
4343
4050
3278
18383
11079
10320
18460
7490
7343
12638
15888
12045
7570
47
3899
4197
8823
19115
18022
2230
3014
936
9273
869
9970
19615
18438
17875
4322
17935
11387
2500
16604
1465
11657
11195
12499
8262
12685
13925
19332
13771
17167
19896
16468
17142
5150
8834
3006
4176
7874
17310
14140
14287
14800
862
5685
13711
1059
16350
1549
16060
15068
15504
9977
13184
1164
8877
13542
17495
1712
7231
9418
8854
6209
5611
1310
18972
17579
1331
3989
17211
8134
7527
734
3864
12838
1473
8971
4411
7763
8363
9021
4065
3598
17444
10515
14719
8679
5549
3544
18476
18674
261
867
12706
17657
1348
17368
6010
16875
12555
16846
12425
610
3281
3366
16239
6210
16735
8651
17853
2126
17192
2292
15389
10765
4892
10701
10332
16129
1246
19353
19100
7195
11987
9062
15587
13159
3552
12864
18664
928
19391
10235
9672
19519
10968
13175
7257
17429
14856
11410
17314
1743
3311
8518
9484
14173
9533
684
8082
17154
11899
16391
19579
14475
4315
1479
7629
9304
18486
18386
3274
15169
19924
6362
17219
2826
14969
6786
6176
686
112
5408
4768
952
16479
14676
10537
11692
11513
11155
13854
10746
5720
7630
14105
7534
2510
16147
9518
4255
13355
15447
6088
18532
17340
1506
17622
12550
2317
9758
19306
2158
9606
8145
10094
7759
499
2051
10910
6584
16648
6970
10642
19600
13618
17351
18638
1790
5948
10250
1337
8210
12913
4512
287
4571
13953
3142
10936
8765
12480
10148
5900
19432
17031
13053
18181
4783
6369
10343
1066
4664
7391
19916
6083
5428
9614
13001
17183
18194
4248
15581
6928
560
15767
7003
8580
2573
7737
258
18691
15610
4891
16148
12701
7105
1150
5478
17079
5560
2316
2923
16353
199
13883
4758
18651
3254
18915
11738
7938
4628
1758
8454
13197
18676
9352
5676
5810
5214
3830
13405
11252
9367
5265
9052
15393
19348
6091
3296
5374
7673
8865
15296
15741
16325
12167
16108
6330
18918
8700
2178
4872
2267
17698
12642
7841
16073
18292
8194
1774
12883
4300
4465
8802
8779
17697
16880
5563
13922
5515
10455
1563
11077
6545
17095
8731
19436
14905
17186
11346
14122
358
3825
11798
10700
14339
16704
15835
5594
6763
9699
11563
4124
7435
15612
18605
1418
10819
19427
14561
3530
5113
2979
14813
9194
1247
7804
6035
252
9655
4818
1759
4907
4848
607
10596
2054
2407
1579
2307
7464
7369
54
2598
3282
10682
14725
2710
12713
441
17756
548
8289
9960
19186
3287
14720
3359
5255
4040
9695
8864
798
6736
12658
8328
2323
2452
10991
10347
2685
17938
4106
15845
6516
4519
19946
8287
18904
6747
14909
3272
14772
13450
18831
13462
3823
3995
19239
17864
14906
1134
18269
12844
15443
10022
2240
8309
18747
11338
16669
15675
11008
9996
12053
15712
10560
6511
9658
9930
3976
2409
9406
15238
13520
13957
14179
11273
9414
17597
5259
5290
17328
18696
15406
13508
330
1523
11280
5378
3337
2436
7289
6289
5242
602
13349
6993
9639
19951
16412
440
13743
11125
14785
4154
9868
16750
7165
8757
19450
13752
16836
5122
6124
6444
2521
18646
1624
2589
1222
7993
495
2770
2150
7513
3716
5785
14380
8843
17144
16929
11591
12827
2289
11039
10014
14838
7632
5340
10143
667
2372
5757
16385
17537
7605
11490
7432
9926
9568
19166
17860
5691
1997
6062
15510
13758
3316
16033
760
14373
12184
3834
12751
74
16999
19420
18564
15994
14447
12012
7457
18369
2512
3704
17009
7440
6360
11031
15945
19790
7149
5347
15789
18057
13195
15066
7696
18990
7647
1715
16889
16501
3058
19020
4004
10671
8202
12639
18410
12405
4791
16616
16763
14391
5706
11186
15480
102
6857
10879
12164
9772
5585
18484
10219
9423
1575
14370
6924
19333
1823
13723
5355
5859
10265
7305
15101
16371
4754
10460
11650
939
17821
8601
3959
4421
4969
7642
13778
17132
10064
11830
19592
11660
19151
10755
16221
11510
12379
105
13929
15709
9206
17336
18528
1431
4563
11428
15016
18869
7522
3306
15836
13192
4060
16839
16566
2981
7756
1595
18400
15401
13579
18527
78
13605
19109
9399
8728
6582
10352
6431
5990
5111
9413
5466
2726
18046
10071
8774
18536
10585
8917
13018
6105
13793
16885
10963
12062
2797
4238
19219
903
18839
8695
1266
6612
8389
13810
18447
19913
16125
4019
14218
13566
9257
11852
12296
1326
15252
19803
377
4785
10634
8725
1060
12170
6994
12071
6630
13112
13015
6055
852
16739
7476
6517
1199
5126
6841
11287
10516
17940
5211
9159
6094
7254
17482
3482
1240
17287
3679
14157
16840
7635
5127
18945
19244
9452
9875
9543
592
11599
6823
4273
7586
2625
3453
434
5136
8233
12004
9662
14525
1817
6068
1553
729
2936
17789
11963
3239
9735
5494
16838
3275
10058
6684
13363
11703
5141
7168
6998
12549
4583
4200
10385
12610
11389
16509
15029
4534
5234
6590
311
16212
18303
19709
13644
10302
17807
11758
5778
10855
16868
5090
19555
9609
5054
13696
8181
13427
1006
5019
4976
6167
1884
14628
7018
9426
19602
9415
5337
2003
10359
9763
16379
6505
7227
665
12481
13078
4646
4855
16680
8867
18600
16209
13912
3589
6274
16157
8119
6166
5084
15063
9220
17218
2748
4926
18198
4540
12996
18645
7606
10933
17363
19643
5782
18209
10344
6259
10789
6833
7491
11547
1876
18595
19069
7835
533
2411
13434
13530
3283
16443
5247
19203
18114
2396
1324
17762
13400
17773
6577
11193
4243
7006
8570
5415
13880
15830
3880
9650
11971
19487
6159
16622
13845
3645
13875
10999
12138
19218
19636
8871
16216
7065
18935
18824
18843
535
17961
824
18472
11391
14372
19367
10341
7729
9950
16258
12970
19862
12391
15326
7838
8231
18357
8390
13002
18462
9381
8656
11071
3068
11412
19153
14844
3392
5581
17342
5388
13892
5330
7774
11413
18366
16849
19416
14289
292
18733
16455
6569
17766
6343
1792
9731
8121
11344
4208
16860
17105
11229
8689
16195
9028
8578
996
2982
12232
5149
4730
4183
3572
117
10084
6191
11003
2321
18848
16087
773
10487
18890
14802
10548
416
2081
14418
13727
5640
14589
14033
14992
10829
13767
13141
16291
16807
1034
10982
900
366
6691
17832
3756
9546
1645
3155
12122
10243
2481
15322
2696
6336
17250
1545
3755
11509
1353
792
8013
17438
4427
7399
16473
16400
14808
7222
19832
8031
6672
14605
19574
7150
19030
1460
19852
10093
1023
14383
5717
15874
3792
16028
13283
11437
6856
7308
5204
4000
14065
10048
1551
5752
9961
19605
9730
245
8215
3659
12021
9374
7775
15120
12766
16535
11334
6983
16975
1327
3332
6036
17171
8020
15575
16872
6226
4884
865
12341
10307
14687
8671
11729
4138
466
19995
11966
1370
11721
2684
17829
2795
1495
5364
18452
8954
2058
12672
15782
11183
7417
3707
5618
16980
8963
690
2616
4617
14833
19829
1264
16972
4836
11328
4390
7836
15514
19743
11805
8146
9847
7910
2295
17970
13914
4270
11628
11034
12087
10336
7686
3187
15475
7415
12825
7785
7983
551
12853
9332
17421
11773
11859
15474
11102
12506
15658
14471
5180
7422
13485
10011
3312
13608
1355
8889
13033
15361
5055
7825
10398
1466
3271
10169
4913
11144
5191
4984
10655
5745
15189
18582
15204
8172
11645
15516
19572
10295
14022
8952
13295
17726
1993
12411
16512
2615
11603
5689
1271
6012
4994
5737
11405
6746
6059
14430
3103
6283
9489
13422
8440
18953
6601
13102
12209
2728
11284
4585
14938
10396
13146
19902
2435
6965
14616
4204
15457
9245
1919
19670
501
9524
17160
3086
15196
12967
13740
7439
17450
14335
17013
3933
14147
16210
3358
4382
12780
12636
9314
4163
12785
9666
25
4864
14618
10598
10672
9502
2845
4034
8911
289
17094
10889
13328
11704
7382
19954
11456
6495
3383
1238
13226
13453
702
12604
19730
14357
14766
12155
19094
13107
11847
2337
9920
4902
14048
8530
16480
17966
8989
7512
19068
11631
13967
4240
3729
12301
5598
9344
11467
13406
15692
3627
11922
10139
19928
14031
9263
11173
16169
19883
8497
711
11747
9216
11421
16303
5438
3114
12470
9319
5489
12269
5318
8655
10536
16390
13325
19607
10089
13629
18673
10459
3990
7160
6313
17823
16524
4038
13554
270
17252
7885
2565
17389
7246
18372
14351
11470
8607
17635
4683
13370
1124
7329
5827
14570
18639
11426
2010
19256
3799
12628
14159
17419
15131
1955
18001
933
9661
12446
14729
6195
1485
19752
15986
9158
6558
5010
18221
16514
12263
18354
16320
3602
18091
19805
18315
17445
3897
4474
2213
9664
19419
18324
7912
15978
8034
7324
5580
2034
8155
14497
15001
6542
2959
9684
11351
17415
14451
7239
14533
10431
4318
5517
18239
6871
11710
19396
1116
689
8468
2998
13653
7506
7462
897
17334
2880
5196
17243
6039
15038
5572
4921
15456
11340
17375
8410
12178
14696
15241
821
758
17022
7540
8540
15381
10610
15935
7844
2186
3144
4012
14796
17993
6963
5952
8124
15697
10081
303
16420
18007
8285
19183
6073
17906
15316
746
10553
12398
1290
14120
10960
8707
14878
16595
19066
6557
7665
657
1529
1816
17319
18015
14377
5339
15707
8999
1954
8588
1358
3251
18281
17663
15574
2688
15485
938
18253
9468
9839
8945
5277
7897
8135
14947
3494
18962
2716
10221
14776
14030
7249
3057
668
10216
16068
1415
8063
18337
13090
2607
17313
14795
8536
16203
14052
15155
12041
12276
10534
2089
753
18096
15373
7644
14854
9701
14644
4778
14177
2026
14501
15582
18104
14892
6796
15151
15314
19891
15436
6466
13505
3415
18412
16847
4453
12792
7676
6014
1630
8191
13194
11352
13674
14139
15413
13139
12494
16809
7316
19524
1636
14215
14985
8219
3317
11238
4062
9015
17129
5612
10149
12559
3127
13894
6373
9262
13964
515
1068
2346
16215
8632
6898
11937
4172
18029
1385
17230
468
19619
4437
14826
16185
6462
2360
8403
4058
5164
3240
3191
17872
1048
2001
12882
13904
19551
10000
9183
4168
1970
6280
19172
2426
18421
3519
613
5713
13910
517
4289
10597
13993
978
9809
8351
17158
587
17038
10800
1534
13436
9668
11303
5036
5622
11488
16206
16301
18407
5600
18099
6720
17535
19370
2747
16738
17130
10893
7961
13187
15452
16863
7591
18431
15812
632
1357
19955
14820
6174
14064
12980
15753
9798
2588
5826
16236
2634
4030
3802
19638
6958
6451
18720
6638
11949
13063
17412
14542
1649
3042
16536
16482
526
6137
10101
538
15942
5514
11689
10474
13066
6354
11887
14491
15951
9008
11871
3778
3371
6687
4347
18759
1438
8761
10957
7543
1930
10856
18992
6086
13965
7788
11725
5633
2441
5808
19335
7458
14063
7773
5007
10529
3152
19979
17263
16662
15093
13367
11512
15716
17380
5797
640
1200
11057
3719
19123
13736
695
17290
15482
13245
15040
2922
17315
6200
19795
14959
16173
19741
577
16030
18067
8344
3838
7959
4113
17679
7826
13372
8384
10724
19057
472
7487
2594
10629
16103
11982
10016
856
6333
7957
1094
17545
8620
1938
13980
10880
18419
1178
9439
14088
8409
817
10632
8870
15917
14314
5901
529
12203
643
460
15044
1775
5224
16191
1083
6087
5153
14685
15539
10878
10204
6478
19415
16874
10925
6304
17070
9586
5060
4258
6206
2846
6135
16527
11317
762
14450
11637
5682
3565
19631
15243
18442
15429
1596
9024
8366
15468
1311
5155
6150
564
12073
13327
8503
9841
7501
16037
7485
4103
11416
13955
6358
4663
11753
11200
3919
6181
7481
1659
18335
19144
19854
14668
3314
4283
18889
3122
9985
793
4775
14195
4127
18924
5694
10937
14252
12984
2822
5086
2077
9251
5881
8336
12410
18125
5583
13416
2667
4999
6715
9104
17279
403
14843
15732
7039
1037
14951
2079
2471
11613
8380
2791
12151
9113
12105
1104
18609
1849
12141
11221
14918
2718
3837
11641
6426
8381
2029
15966
15903
13242
413
8928
17609
11858
1550
4961
15797
15400
5833
15260
7347
6698
10675
11434
12153
8267
10338
19392
17330
1795
15471
7298
14265
18137
5851
5331
12339
18258
15977
16848
6028
5922
1269
5483
4657
3104
7707
10892
7865
13832
14082
18860
18375
18902
12336
8100
10351
11491
6328
1305
6645
12527
13447
14340
16053
717
9034
17220
13005
15593
1131
2895
8675
16921
5683
3999
13055
5643
12545
11476
19874
17720
3303
14523
16745
6988
5261
14608
14051
12968
69
3874
17032
18434
976
9683
18880
11989
14635
8257
2300
11616
6925
10990
12847
13092
15099
8482
14661
19727
15488
8166
13693
19315
470
3554
3703
4834
3475
9594
13581
19587
6265
16570
18191
10138
12580
13802
5382
11888
17541
1650
3773
11683
19214
19215
2554
3828
2367
17393
6537
9908
12525
5511
11929
13373
11652
11184
1979
14983
15017
16696
4237
9581
16080
13457
17433
18041
6113
7112
14738
9454
13759
3744
11507
17521
15318
10289
16316
16281
14278
19634
16403
3410
138
18186
15813
18393
14708
18796
10411
6942
4341
19724
16323
7858
13927
12566
10175
10368
3832
3158
19952
15904
14102
15696
9165
10133
5218
9479
16023
9922
2472
6047
10356
16128
16906
16670
14261
3952
12027
3237
9109
178
9166
18884
6296
9163
12703
5103
18567
5302
11525
13986
16065
10922
5401
2522
12262
17572
10306
10331
645
2468
17434
5426
17137
1108
7816
7895
12814
6294
14417
7497
1177
3954
3446
7029
7554
9598
17175
1047
5328
15734
16372
8988
2719
4505
5783
16451
13060
1905
7801
7251
1003
12873
6785
18929
4498
14867
10395
14889
1974
5372
18340
11653
8473
12001
13387
5675
12995
16441
12323
4055
2635
14346
19177
13516
15536
19628
2020
16389
17231
7765
3928
19216
19613
13809
13052
11089
14953
10797
4584
6655
2506
1714
16092
9550
7182
14293
17193
1560
1609
790
8504
11534
1648
9392
17309
8091
16821
7393
6234
9657
11371
9180
16563
5834
10025
5366
14573
65
12511
13185
4622
4452
1729
12124
14461
8586
1237
19474
6560
4843
8573
3621
4572
1866
5308
4729
9118
2599
19078
6004
7943
9562
7154
11686
7668
13337
7226
12963
17073
6472
19719
2381
5869
6306
12746
13203
7582
1404
17777
4388
4857
12350
8238
989
3630
14879
8142
19232
5148
5299
16970
5157
18404
9336
13143
2408
14596
6293
16351
17111
3734
1467
12396
11401
8222
1182
4611
4486
7920
61
5320
18621
7634
12367
8618
7975
7299
2950
5488
6458
6553
6523
13627
14997
14233
296
584
5916
7621
17411
15720
6013
13817
19689
5888
14637
18642
14639
17267
2564
15708
9378
14958
12982
10526
1895
17426
9800
13843
7918
14295
8412
14853
7021
8982
14594
12161
16025
8052
6415
2549
3427
13058
1272
9185
14516
14686
14439
2968
5841
15449
12282
10182
10155
9354
5050
5248
11881
18897
13517
5932
19998
1932
9149
19527
13480
2811
2852
13806
11234
11918
17210
6251
12081
2177
17830
5539
7412
18479
12788
14943
14709
5971
19173
1081
14819
13158
15297
10240
9501
18549
5361
15959
7891
1587
9077
11226
17907
16336
15086
13995
9692
17615
13395
14188
420
10076
783
4504
10563
13441
14734
2665
18818
13362
10345
2102
12690
8805
15949
16719
2462
1302
10969
2983
4826
12382
4977
10456
17932
2717
12677
12793
9785
3148
11192
7683
17649
11463
17792
9945
11205
7661
5798
17546
18809
1949
16519
4254
14200
16246
11181
1810
15773
5653
11268
15743
1901
12249
6170
10425
15605
14078
840
16873
16289
1971
5664
16483
15943
16689
18465
7436
18978
19260
13887
17847
2052
11823
16202
6964
2790
16143
17710
14014
10353
17814
17582
3290
4369
18501
8217
4198
9078
15115
1752
1468
11438
2911
3505
12376
19362
16019
3134
10069
18533
19855
4401
19819
14762
16490
18537
16701
14331
15505
4234
19175
12837
7441
17686
18223
15961
1898
1315
2743
3347
18178
8329
4308
8449
15277
11108
11332
18038
18538
18136
5477
19768
14863
19720
7660
8723
16772
688
18841
17654
14815
12986
11691
5506
5557
251
16915
10238
9488
14257
3061
6926
15555
6243
1617
18755
16335
2140
5200
17589
8110
17488
162
12946
11834
5768
2535
18179
4392
15701
6918
7984
5614
1440
15111
9209
5467
378
8893
5688
9476
4031
512
9014
15270
5566
6663
19705
6228
9327
12090
13110
4087
11232
9491
13595
7556
19664
17453
5003
2236
7320
325
18641
11884
6277
19463
12556
5991
14995
9631
9835
16245
4433
15879
2534
16981
16690
5628
18760
9233
2538
13127
19384
6933
5042
10017
12176
7255
13698
12439
7245
13679
13513
4837
3931
19733
9457
2691
14613
9291
7474
1934
8498
19839
19290
17487
508
19254
9195
14606
15109
3309
2211
12670
7313
3341
6017
1458
11754
9515
12629
18359
14034
8073
7929
16026
15293
14315
7499
10854
19930
15632
11496
12653
4489
11393
14524
19058
7093
5178
3215
7576
15473
9372
18518
15674
8418
13857
16257
17463
12843
13746
11574
18097
9345
7234
7748
1877
12523
16588
10091
13496
2057
12503
1008
11419
8300
19540
1836
13086
14144
7493
5239
12790
1387
3429
3037
10813
3861
19492
16042
16556
2677
4285
10951
11582
13042
18905
11872
3518
3117
17929
11067
223
4368
10085
1693
4958
17774
18714
260
9153
3956
12991
3945
18305
14381
17604
15440
19442
3352
13606
9473
10009
12372
18721
17133
7193
4499
14714
3663
14484
6754
14915
8981
1552
15662
9900
12431
19518
19097
2509
7041
4879
1780
14952
19253
13515
2750
3461
12482
6213
11748
2448
14590
11203
5281
10193
12070
17735
7802
12444
44
7739
14148
7656
402
8727
19850
5045
18279
13651
6103
15793
683
3666
10366
12969
6700
11595
9213
7423
16104
6256
4567
9019
2146
19793
9566
12598
953
4674
15854
14620
18208
2999
9882
14527
14015
13402
18914
18105
4162
15896
17152
18955
17882
14603
12821
10625
6169
6090
10569
5062
17767
15588
5902
5381
17264
2251
11037
12725
1872
14682
7216
15919
14873
17194
2223
5610
7123
17642
15415
8661
15997
13389
8566
4037
12324
3499
17440
9252
1896
3796
12537
5972
12531
19612
3526
2694
14571
16853
4626
3436
13518
10444
6694
11133
3898
19801
10461
3891
11045
13803
6078
9030
7699
11533
13499
9326
5919
18699
16599
9998
8447
11682
942
10885
15438
3960
13041
7262
9125
4533
9727
13975
10916
6198
19445
10430
12572
3200
14341
1733
19765
3464
17480
18515
11182
17590
726
15800
15437
7151
2415
2517
16270
1564
3409
12077
1989
8101
4323
14176
12813
3906
9697
7252
1511
1437
550
9441
11728
11950
5558
10965
4371
5942
7072
14336
8905
9333
11573
16134
17702
18694
18703
3375
11264
5886
10313
12539
9362
13638
507
10047
1275
3019
11161
16297
15347
4491
10888
11100
11407
10631
6381
1618
5801
273
2804
16666
9210
17010
8547
14987
11765
14473
8334
5772
19577
797
8301
13379
8539
4682
10242
10837
14219
15615
5035
7911
8625
6158
2199
8699
16526
15036
1077
2338
576
5708
15013
7277
2088
7392
12460
17672
17833
300
7127
4524
17339
13177
17916
17165
3268
400
887
10154
12768
4133
14379
5468
19455
5371
13473
10305
832
3948
492
17797
9643
7421
14928
17711
113
11828
8283
12606
17664
19553
8687
9883
16626
15654
4149
4885
15320
5519
4645
14047
268
17056
12217
17648
18654
18950
11659
12162
357
15132
19401
13369
5144
3373
415
160
16294
14727
12796
13871
16271
9131
11879
6954
5193
12878
10836
16932
3545
5445
16741
5805
6424
17248
5837
14119
387
16895
7575
2469
5937
6824
9293
135
14744
12851
4462
15424
7374
8229
15009
4276
7220
4941
593
7045
17147
7626
10189
397
2403
13343
10502
2699
2339
15641
12560
2568
19763
15275
1101
10309
444
10605
1893
890
6829
17108
3717
4939
7691
6499
4691
12248
931
1721
10614
18323
286
16269
4592
5288
14414
13244
10694
5825
12662
7861
18229
17772
2604
1135
11768
10993
1388
15790
9776
146
18276
5943
2259
19164
12052
12479
2819
11118
177
10028
2093
14239
13119
17148
3213
7811
11095
6374
2008
2345
1583
19926
6518
10471
16492
16278
3210
1471
15147
4978
5109
17041
8831
5450
6145
10407
16156
13156
18798
18164
5151
17449
10949
7377
13570
14770
9455
19156
5087
16166
18060
2629
9287
16995
8869
4301
2851
12877
486
88
11383
8657
14880
19114
13561
15279
16740
11474
2896
18643
13657
2778
2303
9767
6692
7095
6996
18847
4117
19663
8396
2849
13271
8666
3689
9031
1202
15673
13823
18598
9217
8362
12807
17128
5280
6380
19171
10662
18103
7603
11420
11240
7761
11995
19268
2269
7181
11717
11424
18640
446
6734
6006
1711
589
8327
3650
18321
16163
17195
11005
19403
9087
6340
6766
11431
16771
6627
6278
6851
14955
13680
18288
1194
8009
2085
5159
19545
12066
10092
16575
3421
12950
16307
1900
9936
2971
5967
15328
16283
768
8973
19336
18403
9742
7268
8848
4516
14043
2559
14387
6801
14660
3909
11999
17809
19366
9627
6201
2812
5298
7447
5807
15533
18420
10210
14787
6950
8874
7250
4615
17001
15760
13626
18628
585
16145
18297
12597
13509
11983
13539
9465
9971
6063
18516
145
5013
16489
10517
9434
2544
8272
11898
2612
5158
7827
13321
5696
9297
1115
16692
11052
16537
4570
14883
5362
8080
10669
17701
14098
5756
13583
16642
3005
18738
11980
12756
9145
8228
11722
12058
11197
15540
9667
8796
1588
12977
5620
2237
13510
388
7375
14292
9823
4591
10683
18318
13010
19848
3246
19499
8161
3073
10142
2496
5432
1215
10905
6416
12740
10612
3452
11135
4140
6300
19610
19464
12252
5677
2024
6388
2480
2425
14877
26
5179
15420
11235
1488
7808
841
830
7356
13635
4336
5976
11667
16603
9451
8141
17180
9037
19250
13818
16199
13714
17394
10830
8839
1735
14993
1446
15738
14444
8144
12622
12114
4082
12243
4526
16798
19649
1076
7077
2036
1286
6351
4660
16176
8894
6322
3742
3231
5389
13230
4173
17275
9932
13535
122
13178
18381
11395
1724
8416
393
8179
15855
16218
15819
19213
5323
17278
3081
10247
12018
10496
5623
4345
18976
16146
17531
7636
2347
13642
4446
12260
4544
17442
16578
4007
5129
15084
15478
18217
11030
6403
10900
11098
18128
19324
18737
18727
17261
18985
12714
15035
7259
1429
10114
16499
14429
4099
19301
2814
12962
1412
7510
19563
2304
17369
13824
16038
17003
6136
9893
16686
13928
1408
2567
6809
7602
10992
11160
17734
4849
10838
7847
4672
1013
266
2277
9714
277
9487
5918
17810
427
17739
1141
13911
4394
1620
2456
15529
10617
17550
7615
8992
11004
158
15678
8250
11300
19226
16453
6440
13788
11756
3465
16158
4443
2823
8068
6031
16505
7279
17323
4108
2689
18742
15308
3431
13678
3355
10449
5846
2138
3646
5023
17732
6815
12459
19996
5053
17826
1986
7786
9147
10899
314
18129
4980
14398
5115
7285
13962
2600
1811
19626
8
9095
3882
17820
3128
10643
6011
9768
12859
9778
7134
15153
10897
3547
888
11905
2933
6115
11656
14029
16328
15360
5365
5278
8930
3132
1913
3007
306
16055
15902
3818
5497
6789
38
2489
5660
1228
7025
14543
1555
17779
5631
19185
829
17884
13574
15021
7928
83
10327
17876
7166
10044
4799
15766
1420
18540
184
2803
15246
17308
17402
6677
14253
5356
10914
14313
15421
16560
1710
2105
14413
3492
14448
4102
10716
19251
14893
16189
10622
8701
2268
16321
18307
16721
417
6129
9179
4022
19890
5485
12902
168
5156
6781
19269
9517
11743
8399
5541
844
16279
11620
18543
15335
17896
2416
11886
8844
15479
7780
8750
17257
19779
19639
5975
17854
16812
18093
13640
2038
11247
3685
3434
7176
6825
1456
16040
11796
7082
6502
10003
11373
3091
4075
4261
5066
13046
4959
10281
5243
19073
11639
15517
6016
16869
19666
17868
4265
19974
3228
537
12905
4762
5503
13668
16444
13737
7652
5067
8413
5906
14891
9881
8807
9641
2275
12585
11177
6467
16365
6930
3313
16940
9957
18429
19678
3758
9348
6405
9323
2925
14875
17184
14084
6106
18550
5813
8308
16636
4845
10524
18784
3093
13021
9224
8939
10059
9826
4357
11385
1334
9956
11093
10325
10323
8126
5491
2391
19045
18505
3576
13163
11042
5917
2704
5725
12929
16159
8968
15446
19029
5872
12824
10402
13428
6904
2170
5342
15890
15185
4981
18364
18082
794
7368
1614
12915
7327
6515
16115
18741
10428
9223
4635
5199
14912
8258
4973
9674
5052
14141
1278
9056
8240
7692
11279
18319
17873
11174
13193
572
9862
19142
13701
11461
16844
8925
15553
14811
10712
7666
16934
780
16531
16756
7753
7407
6664
7011
12975
17636
9807
15979
4833
11121
1815
57
5359
16485
10758
10521
11819
2693
19159
3247
5997
2356
7230
13661
14138
17759
18219
11892
6160
12558
10426
14128
1586
17841
12615
16315
5518
7893
4801
3329
977
9834
9675
4372
12583
19127
19497
16660
16174
2902
10386
18740
18722
6876
17584
4216
2537
12518
4909
1340
5848
7670
6607
1851
498
6429
15058
14868
14980
685
11198
13816
12245
7677
2467
14622
647
8557
12280
15182
12434
2238
18474
12534
16944
19937
13792
11993
8442
14583
4493
5641
16248
9467
3486
10898
7839
3202
18611
17818
18
4253
8987
248
6238
12985
4733
2351
8875
14209
115
14151
9637
4707
1699
11441
6830
12267
10122
4070
28
18983
9270
13169
4720
9057
2113
8622
1746
10906
13949
7211
3206
18457
11314
1502
3425
2216
8559
17930
2061
3327
17618
8612
15087
9601
19644
17406
79
604
10121
8457
14530
4233
10443
5959
5866
13057
9112
19681
9903
2583
19513
17033
8913
7969
16773
14996
1050
3835
19694
16655
7358
11013
600
18435
5927
19146
16650
6883
3581
2023
3721
2681
12819
15841
16727
16833
11099
6409
2278
6578
16618
7747
17513
18256
10254
5530
12676
19486
15203
10317
12576
3524
14479
10196
6309
3039
4203
9624
3041
5867
6074
17431
11917
10297
694
7769
15719
3021
8479
14557
6214
19460
18012
3291
13307
4160
1480
8527
9557
3189
666
10246
17302
3013
15411
13212
3273
13675
2202
12608
16000
9647
9466
3190
7117
6367
11481
16974
18365
3922
18899
3683
8421
17271
7650
14281
12307
6905
3946
14135
9089
7179
14309
2136
1683
13251
5022
1801
10150
13625
14431
3264
13391
19000
16022
14773
3764
10330
3855
10364
1674
9371
17706
1316
4821
11621
4451
13235
12880
16805
9887
9133
7130
1318
18506
19148
3546
16726
9732
13123
13598
7572
14411
17564
14940
2775
12735
4880
2783
12478
6221
6147
3890
14944
6212
12524
13874
16098
8516
17227
1812
799
971
13621
15913
14925
7520
8040
5854
3936
3593
11505
1988
8316
14006
14260
14323
14794
6592
16414
8417
2447
9483
12544
8224
17994
3727
14910
2705
15718
5868
11445
13536
17260
13302
15397
10251
4405
12649
7803
620
14330
10940
17388
13710
2478
206
17638
14615
17911
10539
15814
9979
11932
2754
19925
5097
8953
11853
3522
9630
18513
10082
8742
7159
9427
6400
17316
10997
10928
423
3433
6288
1830
1168
14515
14957
19807
2308
11175
6707
11220
5928
16464
12865
15906
13632
4970
5802
4773
1593
9167
1174
5263
2987
16078
15928
4873
15005
2166
1255
5793
8062
15686
11504
4326
5420
14124
19748
11790
17344
17617
4535
19948
7649
12288
14919
13016
6593
17557
1892
19521
10112
17806
14240
15787
19424
16099
12325
8459
16528
5107
15924
19621
8814
6132
19714
8702
13062
9736
14579
1732
11559
3662
1289
5016
3910
8016
12019
15776
7005
6875
16326
7389
1333
12373
2373
18109
13547
9042
221
10565
4360
19165
5538
19746
7266
19647
12365
17971
12449
19279
19319
12759
16046
5072
2807
771
816
17358
6868
6890
5722
2070
18027
17161
7834
10108
6881
12874
10584
14593
17115
12775
1382
4971
12030
13492
5293
11979
17347
2892
1875
870
15695
18980
11134
13917
12870
5407
18271
12400
13097
14511
5562
11643
4192
11865
3124
3974
3540
7860
14207
18745
17392
2198
7340
6392
13655
15685
8201
18464
14646
17143
15988
2045
3227
2342
3156
4181
15138
4262
2445
17046
17838
2820
12473
2666
11554
3439
12061
13360
11812
8372
5533
10249
1126
16502
3304
7398
12016
713
13706
7915
15560
4418
2000
12321
8951
269
11422
9402
8248
14536
8718
12868
4006
250
727
13611
7618
15591
9585
14689
10206
12688
12319
10184
6344
17885
4337
10008
6943
5390
12113
15792
13118
5309
16318
15028
11
19395
5665
11139
5663
6321
11286
12214
18861
750
16160
6944
13315
7036
6985
1401
18293
13356
1494
11455
11219
7408
18872
15528
9897
15199
18792
10848
18384
18167
5865
3500
7931
10477
16437
6455
10566
721
6399
7988
16776
5262
19376
17553
846
10066
12289
757
5475
7987
13120
16481
9461
6153
5324
17955
11549
18982
17731
2769
6232
13500
5271
1626
8629
12136
15465
6678
4545
10439
12495
15410
12186
18251
8910
11742
18159
4419
1688
4680
4195
19134
11763
1644
11967
6235
16554
12489
16785
17060
19853
7524
4883
14023
10454
8784
16225
19606
3136
2072
18835
429
3119
6995
3784
785
10820
1217
5811
2492
754
19677
4074
14296
872
14066
2282
18981
9765
18509
11921
4018
2885
17678
16348
7114
14137
101
11301
14737
6179
7701
5419
3961
4425
6480
13748
16954
2322
17566
15070
8908
8493
15898
1539
2132
11075
8681
9003
12998
12707
12621
13049
7967
13336
12540
9075
18180
19797
14110
469
13617
9725
18986
5998
13491
8348
2228
11678
7062
9493
17571
8957
7217
539
19760
9382
5945
16762
12468
12086
7221
15849
15181
2348
10935
15989
5595
8027
5025
16430
9358
3157
19522
1629
15285
7459
720
14788
3000
17265
13804
6327
6668
6936
12380
18612
13820
5441
14982
8599
5424
1999
13358
12741
11188
13255
14508
8906
12656
16298
10231
9774
5642
3319
6420
8278
17689
7669
6236
11276
9334
12436
4223
19581
5217
19871
179
4951
11782
19680
10140
6913
7518
2296
5929
10732
4954
2220
3123
7409
8688
14223
7020
7789
14172
7215
10273
2133
19983
11904
7728
12048
6359
13331
5460
2864
3935
17895
528
15639
5258
2639
304
12020
195
6510
19761
1384
2299
14490
6617
17688
16594
10750
5933
19512
18285
3517
8128
7807
8414
16427
10509
18467
18853
10026
7125
4740
10621
16819
15562
19257
3567
18939
10166
12869
10595
6075
7132
13754
13165
5436
11176
11258
12236
13312
164
19847
7593
15683
10587
11663
18822
13490
9618
19119
8136
2173
16753
12215
10618
2870
7303
6903
12675
17407
462
18469
19849
3741
10514
9959
7118
15198
15828
10718
2806
3420
16764
6765
2460
2324
17396
8873
19322
14204
7694
2165
4461
6711
9409
19815
100
10218
4803
520
6538
4167
8220
5461
2526
1009
14197
13596
2887
18014
18025
8246
17880
11171
18063
5719
11146
3618
9761
16724
4968
4784
15693
2066
17659
19065
9065
13895
11984
17491
6341
15136
1280
19667
3595
16695
12992
13277
10649
3801
601
17242
13440
12222
3125
9002
17834
9545
4550
4590
15112
16676
12937
8816
1398
17685
6077
3131
17113
19964
18776
2130
7483
11342
9132
1161
19867
17080
16135
2966
7028
644
4213
15122
11891
8760
18210
3168
13973
1417
3591
15744
15829
9813
5588
13132
14793
4955
4307
1918
11216
8298
16894
7104
19087
18588
18231
14116
2327
17525
13728
9396
14759
4543
18296
6267
19452
11290
3515
3088
14610
864
16707
12389
7164
16133
3616
3389
8943
7502
129
1345
4790
10097
1845
18739
5587
12273
19271
4721
3612
4230
271
3413
10424
6783
4943
13815
6872
4097
15118
17221
1694
18294
17543
18325
14674
2680
12256
17138
10753
196
19147
1874
11669
6252
13488
8734
1585
9322
15404
18785
8104
9164
3508
4693
313
18783
10176
11733
10225
15382
16456
7330
5569
17985
14757
10393
776
13826
5565
1679
14326
8569
3116
7271
19187
12343
15585
12940
18647
10875
5829
19385
18765
17337
3070
6554
9360
1276
13763
18160
14989
7749
14272
8915
9888
16923
14601
15794
5176
3574
9393
18345
19371
5522
11808
11846
4286
10046
15617
8286
2302
4700
12415
10650
1972
7956
16677
12876
18592
14903
14228
1931
12831
10825
13867
15006
6032
9678
10533
17743
4457
13075
1233
536
15408
3774
13739
10620
19650
12752
17295
4777
16031
8903
8443
4227
4944
13522
4202
10226
17843
8386
10172
6820
7822
4862
10806
17276
4641
12255
9879
15824
3188
18270
19798
19281
8190
5256
19060
293
15606
18193
11511
17676
8819
18064
9777
2800
10976
3096
1232
14562
19552
4842
12758
10807
3611
17998
5763
7890
12680
16841
17575
16337
19361
18732
14984
10057
2221
698
11231
15425
16877
13359
19484
1965
14645
18392
1615
8260
16720
1656
6095
3174
1856
11348
7653
10608
13888
14521
19865
10658
11978
9817
15795
11038
16997
17616
14396
23
18051
12156
10717
16009
10698
12144
4560
12428
1835
3139
11890
11097
13699
6189
13623
18561
11483
1024
11739
4464
1525
13039
13330
4397
17588
7708
6486
8920
19212
1708
17549
3203
19334
14869
4170
17341
16822
9122
18896
3046
5406
17297
4471
14438
8483
5936
2419
11299
13431
6914
14334
4098
14166
4059
631
355
1306
13390
4193
254
11369
2
2111
11114
818
9281
19792
9127
4447
16106
504
15746
18123
10165
1825
14406
10100
18308
4715
13637
11647
11063
5911
5091
19043
12003
14025
578
18669
9801
8373
8385
9628
10152
10287
10779
12609
16811
213
10055
10223
9654
2972
1616
4257
2353
10623
12221
7288
8577
14230
6350
14756
9751
1638
6242
16606
15387
3639
15179
4513
7798
638
4226
6197
16251
14569
8472
18116
7387
8112
11122
13577
6223
15055
10229
5504
14835
16842
7750
5787
5550
14153
15383
14555
14175
11566
3986
18675
8192
13731
310
19561
6695
12553
9799
15715
10096
15689
4813
17667
17746
9140
7325
17668
9947
14741
11578
4573
7381
2867
5960
169
9700
16091
6165
14513
16828
15559
13858
16567
11096
17311
6066
18145
8858
3569
8028
2183
7589
11449
15597
3170
14436
13294
19860
16356
11010
348
12240
18793
5404
18454
11355
7143
12257
16208
6906
362
4869
16296
15672
391
1611
19263
2110
10475
13375
5360
10512
7225
6377
13534
7455
6056
16384
9512
12730
15661
1475
3577
13414
8998
11495
17399
19935
2184
7124
274
17092
56
9274
18799
13619
13028
16827
12437
1580
3992
2948
1841
9576
17454
11126
10869
14000
17173
6470
231
17824
3536
3072
5545
13650
8131
18704
15681
3812
123
16856
5862
301
15444
14887
4295
7612
11275
11598
524
9264
7477
13350
5496
8030
17505
925
10756
17587
19252
7139
3459
15268
12885
17422
1646
15171
12197
14670
11168
17054
10706
4767
16370
15915
16553
18829
9571
6586
18984
16725
9561
9001
569
7468
13553
9942
4214
2155
8605
18852
4002
6430
381
10812
17157
15914
1268
13794
4067
18541
13089
157
15570
13054
7335
2143
13987
14208
11149
12983
1090
1873
1839
2821
16820
12154
16754
18589
17170
4081
16220
15999
9020
17598
17367
1127
15336
3730
15499
3335
17563
14633
9337
10978
2148
2119
8116
2595
9411
15298
3641
5274
8852
9889
9984
12886
2574
16346
1894
579
6575
11285
11611
10785
3055
17420
11485
7628
5306
7584
18263
13413
3396
18991
8965
15301
14971
14577
18544
1741
19111
1906
2370
3398
7767
1022
8845
13234
27
12708
17081
109
11269
10895
7052
8720
4332
17920
9762
12384
4026
834
19958
17752
285
3364
6427
10087
8487
1501
11382
4316
11869
8937
739
574
16214
8214
6098
6126
907
5173
6121
11140
7854
2798
13365
5093
19775
2444
7940
10074
11015
6219
1454
3677
17088
18993
16172
16913
10088
19393
13425
8241
6182
17118
17059
12732
8441
14495
8563
4701
9718
6591
10557
7892
7862
13777
12910
18483
13366
15019
15030
7264
7716
11058
4910
14976
13344
6573
12750
2366
17704
17943
11996
12682
8768
12939
18045
13304
15571
4824
19471
12471
14748
17674
7955
19877
11946
12591
5806
7442
19103
19660
18143
10972
9933
13454
14979
2731
8401
1657
6021
8032
16198
17986
5160
17305
1390
9716
15220
13896
9051
9138
19131
9111
6326
14133
15265
13677
1049
14011
15092
2553
9694
11350
6844
8654
3336
12698
18579
15002
9844
8924
9989
1909
17149
2782
4017
5005
14678
17093
1628
3222
10417
860
13659
3816
8378
8520
1562
12519
6651
13210
4774
18224
4386
17960
16164
3622
2857
19671
10913
11103
3471
8207
14962
3193
12448
17595
10171
5879
11379
14385
18200
749
8673
7140
19016
7711
7228
19247
11695
3393
3419
17284
19345
5187
11827
2550
1911
14283
18312
9530
14710
16285
17061
17793
18254
2055
11604
5666
6606
16190
6816
18338
4342
9787
10191
19380
13997
8994
6287
5310
6761
18415
12002
17376
3599
15601
4383
16810
1052
10851
3693
12564
19017
3617
7796
13280
877
2890
1258
5454
10911
10128
9121
16644
14855
17360
664
13196
10401
8007
2772
9513
8735
12317
14654
17931
11907
11014
3045
6477
7364
7726
6888
16589
2041
19757
6194
14936
10145
14749
18631
8934
17941
14945
8105
1591
18368
12311
17861
19227
10823
13207
9239
3205
447
8003
14693
14923
5117
5788
16539
14174
15135
3186
4236
9532
1119
17656
12981
12171
14638
2841
5026
12346
4066
2648
9471
6899
8824
12181
2555
6457
11274
12333
475
7419
8529
13439
18894
17933
212
18377
19923
19531
18261
12158
19755
18632
11694
19569
1548
6803
13504
901
19012
11771
10198
3531
2879
8394
19837
4302
13834
6295
5617
18090
18525
16778
3048
10292
5921
11218
5513
4090
7856
11117
12366
2190
16249
11680
17048
14143
19713
784
8766
6703
17755
10552
9814
4395
15057
6438
11519
4911
17561
17414
7270
9752
7209
14899
2501
9913
295
92
249
8637
10853
863
12409
513
12281
5433
14303
16958
16139
12928
16723
40
18690
15962
1186
12060
17947
6496
13376
16076
17029
7110
5844
19079
13770
15974
7040
10547
10208
14960
1075
14567
14961
17662
10637
6029
879
356
1850
6752
1671
14904
16034
18328
12791
4503
5185
19358
12335
19640
18606
6945
13981
17786
13397
13385
12659
5349
19711
18089
6633
14290
3872
2669
11878
359
15815
8051
12109
19110
11957
4132
13790
11838
11779
13676
14332
11528
259
19629
15724
13290
11291
5726
1231
9175
2548
5338
15927
13160
3207
4728
13628
383
19372
18040
16027
5624
11576
1242
4662
17576
8863
1991
4521
5704
13088
6282
7428
19049
13135
11482
802
11564
8223
1142
12605
11239
18000
3889
4576
4688
16377
9079
15351
4278
14282
17867
19808
13246
1097
4105
19233
15542
1281
9417
15412
16976
11479
18477
12152
3640
9049
7832
18789
2022
12108
12624
2498
9398
3613
8012
1020
7404
10284
15
8758
2674
16107
2759
1980
8307
8162
12340
9176
19188
13562
15636
12338
19475
3196
12304
17262
11322
16183
13154
15960
17468
7178
9259
7519
10863
16150
8113
14428
7314
5679
17897
5319
19673
12719
4529
2400
16282
5481
6521
5047
52
2622
17845
14609
15884
9782
1703
5279
19202
13346
6443
2018
9197
10801
9438
13371
19744
11036
9353
14669
17992
16674
19349
7909
9860
10774
1234
5198
5524
12315
11700
411
11011
9621
173
3923
2738
8846
18228
12450
12818
1788
7346
1601
5498
19308
9927
14329
13084
19816
4741
6526
14443
6716
9929
10501
9890
19397
7008
1837
13166
4014
14057
16290
6193
4480
14556
18480
10355
10020
4423
13392
1449
1045
19910
18111
1430
7829
17181
6308
8066
11635
1848
4966
15355
16306
15431
4810
14408
14070
5135
9753
13781
1868
10279
9295
5065
1655
17596
11548
3010
12220
17848
16685
10160
18813
9267
6956
8614
18202
15584
276
9676
3656
6753
9747
6568
9085
7109
1763
6292
15804
16708
8583
13006
18311
8523
7548
11882
9715
19657
7542
16656
5601
5443
19413
1399
18286
7864
2082
16184
4602
19843
11685
18054
3777
2388
11638
8548
10635
19112
18707
15065
16
6666
11893
4393
11640
1423
6069
17757
2376
11569
18079
2163
4962
16780
7301
9200
14963
4807
15266
7872
16066
12466
10822
349
3543
9706
4996
5449
5285
9108
15688
9260
12504
3400
714
2465
3747
17150
7087
19140
17804
2212
8881
16748
2404
10693
13463
18211
1515
3851
15307
16226
18736
2035
360
2164
11874
5599
9636
18973
17374
10677
8703
12137
732
12875
8186
11670
1159
19274
11241
408
19794
1696
10580
618
4676
4374
7853
17791
17237
12076
12067
15325
18522
4743
16540
1469
3173
3934
5701
4695
5753
6742
13592
262
14999
18048
8608
2502
16912
14478
10572
8596
17914
17660
2446
13506
11514
4406
9012
12397
18772
19459
8148
15520
4525
7517
14437
11632
19457
18272
4793
17461
7992
14775
3865
11306
12586
19014
14566
8565
4536
14908
8349
13020
13744
7800
18806
243
16884
13323
15823
12842
8244
11090
6233
6117
4129
1584
6070
18526
7664
14273
14507
6997
18666
4575
1151
2953
4028
15292
8534
11940
1176
8847
471
13738
6008
2868
4327
18498
17913
6769
5898
17410
13404
16587
12180
13821
15096
6207
6355
14426
9249
14848
14169
15161
4460
2603
7383
1576
4335
15052
13869
2154
9976
10844
17203
19168
8341
17753
11106
12022
6708
17217
324
849
10640
15200
12274
1592
2242
13556
10102
19466
15894
10685
9033
15290
5447
10574
1744
3942
7253
11498
15034
17425
8713
14763
18795
10731
13317
3927
18330
17063
3888
11820
1389
6493
2749
1692
14715
18459
3568
15184
14095
9349
5635
2831
5709
2713
9126
14825
14885
10436
19026
9894
3757
1014
3033
15033
10971
18374
476
7175
6525
18047
7035
19063
16048
12416
4839
6674
399
6421
1731
17815
13293
5465
17472
5824
4429
11185
13038
9849
10783
18148
16792
16273
1925
6679
5650
9719
18934
19783
2561
6298
7438
1820
17778
18959
14104
3346
16154
10946
7596
11109
11735
7281
18684
4903
10308
540
7287
5414
1730
13319
18215
12112
14371
1482
12601
14712
9115
15737
15450
15427
17467
15139
7868
8268
9723
15349
8841
5529
3528
3001
5417
13173
13493
6879
3680
7454
15810
4218
10260
7762
4456
12502
19770
1769
15190
748
8519
3444
5431
16522
3738
66
3843
14127
13923
4189
4665
12798
3692
5904
11948
3100
10699
4852
5469
12925
5260
18478
10073
11083
14624
17691
8304
14020
4574
14859
11777
1285
15748
6805
19242
12300
11555
7972
947
10793
7137
14248
7738
3879
6710
10934
2813
19655
12783
18855
15592
12533
8631
2664
9853
8096
3034
15143
6797
2239
10638
5668
6952
15993
14690
17460
7888
12179
13377
18581
14890
18517
13361
11551
14866
17968
8143
3154
1924
17490
8879
12687
1517
10023
8321
9169
5531
1597
8835
8237
14697
14568
1722
5326
9188
1183
6955
3079
12057
17942
5817
17506
15391
9855
614
5815
17116
18514
17989
13437
4225
8751
8002
17349
332
1542
3635
7771
11909
19019
1216
7152
12069
6337
10790
2974
10568
13444
13200
4144
4153
16569
3090
10939
8697
13024
700
16903
15786
4983
10719
10372
2274
15876
19544
4001
3561
9759
16130
11054
8463
4870
2683
376
3822
5112
13383
4887
17190
8809
5480
2235
2539
18559
4088
2205
9525
14745
13386
19008
2225
7297
10376
13225
6257
15011
10606
868
9472
1005
7751
16709
8097
15341
13381
12803
18155
16711
1455
5915
12134
3633
17435
6445
15045
2520
11600
676
12733
7523
19866
6474
7174
15394
9906
6492
9794
9519
2653
1074
14809
12359
12997
1879
15931
16788
14941
13819
4224
7066
12121
19914
3485
2258
6015
19316
5092
18363
17520
9234
11760
3397
13068
14247
8178
18367
9317
17621
2847
2399
3735
6439
7830
4500
11051
4361
655
445
18361
8189
16808
11912
6022
3288
15929
8849
8448
16506
8793
6894
12945
2557
14604
15405
15162
14190
4995
7533
5316
19771
8561
17712
7445
19882
