7275
4555
2752
15194
18951
18422
4750
2910
13357
2610
12063
225
2249
16920
14132
3944
3560
5743
4288
6808
18250
18249
6739
19446
7744
11851
15354
3298
13939
18633
2095
18874
2284
4334
736
488
15803
18545
6419
6562
19341
17045
10390
4235
1453
5537
13779
17430
7157
13079
14643
3713
10713
2789
13836
10556
11076
7886
5876
18698
19787
11157
19001
2547
8044
9634
14493
19028
14181
3965
19789
16600
3118
19437
12795
8402
3529
14061
14658
6839
2646
12879
4579
3379
11848
14832
5577
992
2827
4751
18246
10824
4806
2962
6183
9307
17518
7560
4035
16854
7073
16062
6208
19092
13862
1610
4518
2730
12443
10158
16167
19971
19386
1170
2888
6927
14675
18652
9995
18658
7505
7923
965
16751
6052
19451
12510
17324
1684
15620
14850
14541
18482
5849
5479
1994
17751
14487
7924
18152
3180
264
10549
11970
13573
17503
3765
18033
1483
11294
19494
2698
10519
17104
17888
5730
1887
15027
2476
5669
16850
14789
9277
9266
5762
5487
12841
18940
15750
16071
16918
12126
10111
3969
14650
10802
6916
18881
15684
319
10664
9067
345
4431
13403
16703
765
16179
15899
72
12498
17255
2368
3406
2980
4735
4587
17413
17886
10541
18626
3401
15706
9388
853
12861
545
4841
7210
13477
17836
8011
9275
8193
18705
11740
17441
5630
3800
2297
16211
10234
2591
5639
11561
8694
18011
11207
6503
12488
11614
14325
2543
19688
873
12099
9552
2991
3981
1561
4661
7867
2828
3962
12271
1274
156
7416
16051
13077
17377
7545
4466
6764
17428
3343
808
3833
9944
13409
3803
18158
8508
9375
12906
7489
13827
1336
18620
16267
9803
3702
12692
16515
10728
5608
16344
17021
11571
19155
14667
5715
1219
19373
6661
10463
19013
15944
10362
19200
2499
11936
11400
1211
19381
17936
8319
6911
15598
13191
18726
13202
17317
133
12285
1270
14079
14343
14774
2570
33
3295
7685
1448
12254
17510
16675
13082
5575
7850
4781
372
16864
7705
6652
18135
3779
16123
2656
3597
4924
12535
15626
18856
14509
13602
14382
15321
18529
9463
1806
1193
13982
10550
18996
13098
18010
1726
14986
14662
15895
7229
13430
18267
10985
12536
7224
4922
8405
8790
16991
19141
6460
8639
1929
15496
13844
2631
4744
11702
14540
6959
11734
14231
2893
12128
16549
11914
691
7484
13201
4119
16204
1755
1481
12357
15433
17254
7698
19800
10388
19961
5246
18672
9231
2117
12520
5139
5373
16317
19241
17153
15453
19439
7952
7695
11101
18961
14746
12635
5988
10864
8842
18802
19182
11376
13419
9364
9548
6971
17892
3706
9068
10705
12744
19010
12442
17424
19810
9190
12453
2443
9250
19944
15785
3857
7842
12355
11209
17256
8919
8584
8730
17666
81
19479
8721
10013
19872
17530
3442
18170
5544
1623
2915
11964
13548
12185
11903
1330
6404
4709
15948
11625
8074
8118
16263
19405
19064
12623
17502
18910
16643
5116
16969
18782
594
17119
18471
9848
43
597
18081
1528
10418
1567
13065
15409
13568
9119
1682
9780
10170
1096
19568
19987
479
7797
10255
13320
2123
15439
5690
10286
19676
12935
15677
4194
12894
775
10523
8461
7562
5118
15965
10432
15306
2332
15022
1946
7089
8717
9187
16608
9854
12717
9983
5892
2261
1538
2494
1335
8652
15172
5794
3815
2552
13789
3120
2331
8269
10588
6737
6843
320
3682
6828
107
3914
14019
6696
3216
19296
16141
2735
4987
15175
17787
7055
633
1129
430
19858
1403
4249
680
16641
3771
17586
1419
1300
18154
17782
12508
3743
13558
17515
6740
6246
11772
18052
12250
14250
7437
995
18713
11217
14442
8715
18236
1600
9036
10772
5304
8263
7500
11868
10415
6001
5769
12645
4889
15294
18871
19595
10228
14721
15187
4856
9685
5254
334
6680
8208
17620
12565
19194
11673
3489
615
2905
3214
19291
16702
17522
12743
7203
13933
11312
8676
10481
11460
17233
3759
4975
19096
2060
7071
12794
9951
1132
18085
1373
211
5017
4736
15842
19192
1691
2069
13393
5636
15912
10030
13000
18268
4917
5995
9235
6331
2428
4056
17748
4497
14711
18153
3798
1977
8665
16714
15315
14258
2015
3094
7846
6364
16363
17492
14333
19554
4306
10214
4362
14946
7994
15195
3736
16705
7813
7970
1950
5661
17754
16039
5422
12351
7004
3511
16059
9507
13296
3983
19804
4488
10729
10230
463
18830
15043
11759
14300
3745
15569
5792
12924
7133
4651
477
11292
5186
4627
3636
5951
6264
1297
3412
7883
16933
8899
19272
6299
2386
8303
17771
2773
5385
6253
3069
18925
4142
13461
6092
16224
9833
2075
8430
7342
4454
781
7818
10727
14467
16826
3732
16835
4642
14193
16395
17538
15771
2997
9408
11885
3881
2703
16635
955
18556
17628
12476
2586
6804
10633
7855
12054
14598
7010
4467
19046
18753
11537
16469
7141
12832
19344
18787
15650
10546
7679
14528
18770
6608
5662
7566
1637
16581
9987
7752
17266
3245
13673
2932
3610
3382
2112
19653
8478
15589
7241
8280
15458
11297
17972
5938
3025
15119
11064
6038
1294
10684
12914
14671
15862
7777
10499
4101
15730
10943
770
2490
15981
3179
9560
605
14784
12034
11883
15625
12616
2195
2883
15583
14649
12258
13549
1432
14837
6565
9226
19690
16967
7434
4815
13204
12808
13800
9842
18310
12781
14531
1804
1111
14852
12326
17225
7426
12898
19275
17705
9931
16011
9094
19505
17114
18190
14483
16559
4275
970
12811
12037
12500
11131
11797
16222
328
13688
5276
5297
16268
13455
2266
10977
3615
17002
7198
6260
6643
12175
677
14954
5777
2305
9878
5532
6230
6595
16397
1204
15953
9867
9703
17352
8572
7200
15554
11629
10127
17602
9254
10015
6053
14125
9910
4898
3463
1605
15208
10337
12782
9563
543
19557
18523
743
15723
18743
19196
15964
7478
1805
12514
13689
16227
9899
18388
4020
17610
1155
19740
19052
5130
15856
18124
414
5183
15758
12390
16196
15765
18553
5015
18397
8071
8950
10429
15770
14932
12430
19176
19895
15463
1154
352
12907
1100
11056
3151
5761
2668
1332
15227
13326
6433
210
7610
5890
18355
8067
8872
12797
19303
3381
2454
7511
3185
15056
17890
15840
16100
12487
6107
4481
10850
759
19864
12169
17981
13099
14930
2280
5102
19920
3244
1350
1943
13276
15049
1516
10371
14184
17529
4878
18187
9261
3542
17234
19929
16182
13275
2946
9781
9229
11256
956
14212
1196
11780
14320
968
5166
17835
5625
1125
6276
2592
16520
17652
14462
3074
9193
8281
17476
9810
6704
11194
6891
8663
3242
3351
16322
11624
2708
8781
10312
4472
17799
18406
19163
15152
8398
13747
2651
9527
16205
16383
13870
17355
13466
10211
5573
9130
7889
13852
7607
16892
9982
8709
17087
1137
16029
11493
12219
18975
7240
8038
7315
500
17007
14097
1443
926
4637
13979
7394
8086
3234
11770
19248
16449
17945
3126
7353
7871
940
4800
4797
121
9416
19104
7577
19742
4759
2033
10510
17921
10427
880
2756
16767
17817
17565
8211
2243
19588
5605
10117
7078
2690
19498
15075
13741
18510
19641
8817
6598
19418
18864
3893
20
8658
13764
2514
12084
17764
6870
13860
16421
10918
7153
16233
19357
19774
3478
17619
8862
11774
14636
6910
15527
15600
3884
16151
11132
11527
5733
4918
11123
9161
15201
3637
18597
18446
19409
14056
8462
10404
2682
546
9795
16777
7667
2405
13636
5579
7027
8455
12805
16851
10072
5853
19747
13368
19590
2358
10256
10704
1261
15955
7837
11345
17049
6284
7851
17251
11475
7937
12562
6676
2794
16187
7032
12593
13338
18987
5656
10870
53
4175
14039
6685
5973
307
18197
1363
9100
1532
15963
12497
15284
18362
17849
3509
826
19665
1662
2488
12909
11518
9788
17035
12820
15385
8606
4355
2272
17164
7183
18350
10604
934
7559
18725
17307
18920
14421
17207
4506
7079
9978
2253
3705
3634
11364
5754
13115
6908
14196
5175
1888
17600
9330
2840
11787
19191
6640
14767
111
5219
12839
19759
3609
18192
11313
5835
8878
7201
14068
9240
10868
12088
11516
12072
13822
9531
5505
8716
15226
16399
16688
12404
19870
5814
16870
16518
15158
3225
4068
13713
13091
19654
6519
3181
4643
12599
8552
6566
8157
5075
11147
15418
3553
17612
19841
9141
13148
16355
7337
2725
6007
2744
13399
3566
18615
7378
16446
16551
3394
255
2657
17391
11778
11817
15877
5596
13435
5939
7204
974
6122
6581
9861
13219
5728
2935
15837
3077
18681
13059
11270
12074
12342
13918
205
3813
8829
9820
12951
14486
19288
11484
14851
18560
5172
201
7926
9953
10075
10973
18911
19377
13232
18965
767
4049
13639
13445
10334
13260
11976
2766
2131
3829
18584
9340
18138
14338
16955
7443
11615
8469
16354
3875
7990
4811
17381
1145
7322
19496
9962
19062
8773
13476
16178
19217
7207
12574
4399
4468
6266
14783
128
6837
15207
17842
5584
2053
14318
189
3632
6623
13145
18274
8791
3051
7188
5895
7882
11107
13926
9707
11164
4927
7424
14294
396
16904
187
6615
6096
17477
12858
11380
3362
3869
19927
67
11954
8305
4291
19317
12594
10794
3217
8789
13494
2973
5446
17432
4853
8592
13048
2644
6442
13189
19137
18150
12310
5845
1899
11141
19126
9914
18868
5241
19
9391
1627
8332
2050
7600
17362
7567
1459
11359
4920
13599
16634
16083
13996
19465
8436
6531
8797
7102
6731
19985
13591
6953
10903
4982
5435
6741
6162
2577
2002
2124
7784
5358
13685
7979
4677
8411
19483
11215
2928
13733
19033
14319
288
6271
17819
19158
18049
916
5237
9490
9829
13681
16131
19616
9389
19997
9602
19090
13787
4600
2457
531
4376
19750
12668
9347
13839
13064
11862
18718
7418
5471
15618
3709
617
2958
16996
7265
9818
16429
2012
7084
10555
4501
13905
15778
7403
17493
6886
10333
4426
18977
15768
12953
3022
8972
3250
5333
18127
11572
9691
1110
9907
17874
14422
12899
17794
9485
13498
673
2167
14722
2608
12475
13842
6893
1824
17151
11224
298
8422
7814
11681
13669
7960
103
13916
14814
9523
19861
10119
7317
1061
17681
7053
10804
11581
1819
18320
19292
14500
811
10890
16732
16295
16781
8170
9856
19470
13306
9076
6494
2927
10609
18933
11230
10944
12896
18811
3408
17790
1863
15312
9285
409
3110
8345
5908
4603
12166
18719
12644
9975
16319
6411
3320
11646
10581
15367
8912
11864
15970
6826
1937
2507
19672
13533
2021
2285
13481
6549
8933
16310
18715
5106
10989
6391
4566
899
11471
13919
13994
18557
2873
6610
17996
10021
9766
11585
230
14717
641
15638
3824
12736
7345
6750
712
19821
4780
6624
13432
7637
5889
4947
11433
161
8764
10086
19162
11028
14316
15212
14220
13872
14871
15872
18997
9123
13136
2503
4673
6412
6795
3766
11156
19080
19525
12776
7869
9877
10981
11997
17641
10744
14558
16349
10005
16339
629
10681
6128
10907
15858
5935
12462
16002
5181
9873
2706
5923
983
15756
12226
4724
16407
11333
11448
7633
8810
6027
7730
1002
2605
15037
19305
18816
16487
18974
1241
17084
9948
14412
16084
9580
9302
8365
322
3059
10849
12467
11050
7108
18635
4445
9309
9648
14681
9045
9470
10200
19972
18814
12988
10095
18594
1880
19541
14037
18026
15666
14723
73
14846
9516
9475
6551
6448
10827
2513
16004
12334
6780
10687
9616
17122
13507
9080
6858
8866
5216
3911
6187
4415
5088
2954
14663
5283
17027
5270
12575
12822
9342
7966
13249
8762
19939
8496
10545
3941
13889
16743
15871
1351
3681
6058
4596
4823
2676
3814
6520
6168
6709
13181
12664
17742
19992
1087
18398
9386
18371
11575
16823
986
1791
12198
2571
14914
17098
131
4290
8294
5804
3623
7444
15364
1957
8511
12852
2309
10845
15317
17404
12383
11081
10998
10842
3236
10703
1881
16475
7333
3710
15213
1781
5746
8311
12973
19410
13745
11206
14210
10561
18222
13286
16442
14977
19822
190
17065
5205
17855
7791
17385
11570
1518
7991
392
10466
16678
5671
11263
18932
15202
4436
7486
290
17034
11712
2473
17708
2882
15103
19379
3978
6044
3809
5534
2934
11233
16413
9816
8057
13907
766
17470
8801
10656
14822
9917
18797
7916
12569
10450
7713
12648
17828
15476
12168
17737
13782
16815
13683
12679
8976
1520
19520
1112
15334
8935
4428
9074
17139
6498
14804
265
7930
18580
18166
12465
12474
3582
18763
16132
12512
15759
1779
13438
16964
13272
1923
1144
6814
7034
7544
19823
5700
11162
18534
14743
2865
15996
10253
10841
19856
18177
17729
565
8109
14683
17058
14647
7537
4036
16127
10147
272
19820
6596
16447
2964
3538
19967
4538
4131
15645
5061
17156
3470
7946
15507
3649
18122
6389
8887
2960
1474
13846
814
19715
8249
4899
19086
8505
2912
3836
590
958
6254
15538
4354
7372
10782
12011
2572
9789
2679
8611
11994
17484
1095
4960
13407
6976
3539
4851
5645
5376
5009
1598
16881
17067
13610
13776
3279
12573
14262
9940
19076
2582
3082
15015
6539
1055
18916
12501
5476
8993
5994
483
8646
943
6923
6425
12399
10131
17229
10941
18334
7449
6061
5344
15563
7326
624
15247
6245
15396
8509
6338
126
6787
3257
13261
3714
11436
6314
7450
7594
13224
606
2387
1756
17999
4477
7648
2951
19953
336
2531
5913
12711
13087
11130
16192
13848
10239
4366
17736
15918
4654
12731
17069
18213
7233
16401
15982
15820
5188
12135
12600
10676
13487
16008
6084
10280
1025
12596
2784
4928
12264
4279
4100
7107
12142
15613
15177
12578
2477
8339
3534
11705
9771
8949
12700
198
17903
1235
7395
14553
14008
5553
12322
12238
10194
4708
5165
17556
9211
16647
9407
19031
16887
9688
3135
14109
15594
7465
7212
10031
18443
15552
16882
5646
14090
10886
14308
9325
662
2815
18259
18002
18332
19911
15933
16982
6532
19988
18349
8055
19912
5710
7016
14367
10410
15508
8861
6597
10543
16534
18232
16928
2273
14433
12890
9587
4319
17795
3846
4120
13095
11468
8955
15379
9061
7568
312
15717
11801
15608
4201
7294
12211
18786
7732
15878
16235
12618
18969
959
9227
14016
318
6037
5578
8670
19697
715
9303
2872
9404
9556
16177
10996
11151
12472
13116
8668
17950
19813
1940
5500
3966
10784
16438
642
17176
4063
10263
17741
3520
13220
12195
7311
3280
17163
5924
17956
12603
13003
1407
12361
9428
15761
15548
4925
5267
3924
570
6261
9896
426
18331
8306
8085
11829
12347
4009
16654
8560
13094
8882
8941
2250
18729
15772
12064
18941
2027
8330
11821
17085
17560
10805
12702
11711
18379
9619
8266
12454
11298
15556
6917
4206
482
19658
2774
16907
7402
3269
5231
19493
6483
6827
8480
11726
12182
77
6831
3614
8167
16275
4788
4532
1084
13662
3950
13954
9376
1187
10759
3002
10034
15676
11070
6272
2458
3161
9520
12237
8799
1723
1912
4441
2580
1349
6
15054
237
18850
11784
7413
19255
335
19594
5341
14634
10688
8526
10497
17268
14602
3361
17294
4252
15197
8506
9819
4440
10233
9825
14214
13970
10120
2853
7684
608
15264
17384
4396
1019
3435
9114
2970
15713
8374
11651
13206
13959
9858
4021
9081
7042
3606
18302
4725
18473
1770
17121
19646
10770
18370
8825
12903
5257
19591
17169
10291
14876
3596
9506
14280
2505
9010
19091
18265
16632
5705
4077
3113
6527
2978
15108
11257
16939
18078
16342
12721
6363
4625
11608
16779
2949
12949
10862
12294
16602
1945
16302
12039
13282
7276
5269
6733
12862
14035
5883
8072
6185
11992
16832
857
646
1208
5296
4558
7571
9717
11840
14900
1369
13172
3957
19259
5470
16766
10324
1947
13866
19300
18387
15911
3265
4096
6556
12486
9687
16637
2939
1313
4929
18382
11137
4578
2601
7592
5784
13861
18731
656
16005
17655
15739
7070
1054
19160
3629
10847
4274
8897
12787
10271
11951
18076
18949
19430
8195
10778
12892
18781
1224
2086
7051
8324
17763
19143
6402
16584
11152
1886
15020
15545
4685
833
3776
15303
12563
6979
14920
13545
11969
4769
18693
16866
1533
19799
10403
8102
14402
1569
3878
15340
2491
4594
12385
17802
7942
5207
11605
18176
6951
2546
9845
12938
2863
8756
3673
5101
16041
12125
8495
193
15694
10603
15368
19879
5273
10040
2768
990
4434
14973
16308
8218
14582
4459
19933
8749
10018
11746
467
4618
9646
5860
1681
11378
3787
11365
9129
9063
10673
19899
15074
4328
8095
11799
10961
15455
19199
17952
3720
1099
1225
18665
15350
1728
12314
439
12804
13863
17812
3678
8515
2640
4964
15733
14310
2587
7949
16579
17089
8058
14901
456
455
11047
17700
1709
1073
1291
11022
4974
1531
16582
13133
5459
6626
478
12331
9482
14629
11795
9600
4430
8769
9967
4679
5203
11444
4141
14384
19387
14440
340
12613
4517
369
927
13797
5873
19428
6730
7608
9276
1195
10151
18825
16621
18572
17740
2192
8541
11607
17937
17523
6909
11502
8991
16498
4621
18826
181
10283
5912
15806
4897
15280
11316
16782
17245
13420
7359
13886
18730
11375
9086
16800
12283
5965
13716
12801
5020
4455
786
16419
2947
5227
10348
3481
10647
11016
16541
1283
16411
17894
17076
12008
19637
16452
16511
12348
1678
11806
5760
3908
6688
244
19703
12674
11150
4047
5648
17954
16562
650
16368
16035
19198
17357
9966
4979
3182
96
722
12229
13056
13
14806
2191
4458
3047
6880
11764
14072
8896
19264
180
17879
4950
16382
1716
12189
7880
1706
4561
17967
16843
16945
11826
19986
15219
15121
12627
11833
15490
16194
6484
4586
14716
192
5245
6654
11612
17822
17182
16357
3970
17917
13452
16232
14420
12948
10861
16716
9572
19266
11409
11732
2824
8322
19072
144
17383
2091
16733
17174
17717
19083
9737
6286
17028
2439
12129
4400
10926
8187
17364
14801
18196
10045
2257
13974
10639
12412
8594
16813
374
7678
18488
16803
13567
186
3751
10296
16111
701
12295
15392
2336
6632
5613
14968
10749
16276
14123
2875
6485
17321
8857
11307
8343
422
19426
16971
10266
9943
10056
11541
3085
14704
10860
2006
11265
1489
7136
7964
6394
4025
15805
16392
6534
2670
17228
13729
19802
11210
14435
5796
11443
5759
17770
17539
473
15667
19696
10590
8481
19025
14410
1543
18409
4378
14344
14386
9032
13775
18134
7680
8706
10209
13666
7473
15775
9824
5238
2642
653
13519
9424
10105
4083
19708
779
13989
4282
7170
8812
7643
9173
16439
7974
4057
1508
13214
18613
15883
15374
9310
2363
1058
10483
6339
19102
3601
17178
14404
11255
8677
18547
19851
14446
8522
6726
14864
1086
3988
13580
10123
10441
8855
5133
11046
6396
19059
17395
16598
18551
18607
7857
5221
12965
12770
2884
14113
5082
5463
18065
782
12068
2152
5695
1927
6449
11072
13915
323
4312
8783
18708
1765
4998
16112
11658
11417
14554
11767
9230
7884
18396
14713
1853
16461
6846
4812
16706
4835
13257
13217
10751
308
220
2751
6748
15714
9351
10435
5169
3852
14375
13593
14739
9769
15992
8979
13938
10867
12829
19968
3550
11069
2914
17805
19509
12964
17135
18893
3532
3285
1190
13040
5403
13589
18686
5543
815
3430
2777
16791
4496
6543
937
13258
19614
13047
8107
3003
16274
2808
8492
18585
11675
16736
1105
302
18414
12772
13978
10118
2780
13943
14342
12650
18744
1652
14817
10215
11542
17504
18284
7613
18070
5885
17785
7097
143
17730
14611
19999
12006
13687
12889
6616
11006
874
17172
6774
15339
10002
7655
4484
2179
9218
13837
12386
5170
12464
16467
18886
3523
15248
7002
14563
17051
12522
13670
17204
3230
11425
13489
10438
8556
1397
18794
41
8788
19429
3943
18489
14203
4757
13467
18300
13423
8485
2619
16462
3098
15390
12272
6291
6312
17201
8111
1153
11469
108
13067
1833
17514
10434
17066
17403
4
3913
8609
7609
2742
9629
14358
12010
6657
9395
11953
15384
6812
17775
4432
5380
510
15167
10465
7451
13442
11791
3947
12989
9892
1813
1257
8279
9886
19477
4250
6784
10887
17801
892
9458
9494
4932
13014
14839
8140
1641
7877
17977
4340
19206
6863
13511
13813
9474
19238
11786
19444
2760
15530
6057
10979
15774
18709
4655
5732
13597
2349
687
17281
14664
15098
10508
3199
15535
1822
12999
19375
11021
11018
17639
11153
5567
6285
9059
2942
10511
8593
4772
8371
8645
5031
18020
789
10168
13859
12212
3241
16404
3493
4061
2524
9066
12046
17905
16373
6836
1249
13903
17446
4398
2328
11589
10007
12441
14706
16558
11873
90
6248
5680
17050
11988
16277
5397
16804
2796
2046
17202
17464
12697
4166
8277
1799
17863
16601
13814
803
7126
1035
3854
19956
2343
5767
14512
18574
7115
9965
3977
14934
3353
3559
5520
11897
3973
8984
2967
8325
10579
7724
7793
15365
16793
4629
18821
18926
16799
16962
4180
12579
12922
17097
4231
6224
4164
18408
16460
2290
3387
902
9846
5742
13236
7013
18304
2306
17526
8966
18836
9255
6791
134
3354
18623
6060
11418
7148
13142
344
18119
19051
3028
2636
9469
6729
12101
7344
9536
8352
18165
7235
9204
3533
1727
9278
15987
14732
10164
13503
8499
15850
10363
17140
17475
3286
1604
11377
18100
19905
603
2542
9949
12789
474
4359
16398
19627
1573
17607
16965
1702
3454
19434
15852
17109
7009
18520
2842
7535
17745
11201
8169
18495
15370
15278
3479
18928
1700
14812
6935
17900
12368
14460
4041
11577
48
7236
4650
9872
13992
7172
18428
14080
583
18147
921
15704
149
16936
3686
19889
4794
12270
10181
8763
19778
9756
10531
15376
13791
14642
17725
16287
1738
15140
18524
14134
9640
18053
9182
14045
5950
9083
14496
5137
15817
5818
14355
822
3390
11701
1406
11248
16769
12754
1367
14470
812
14394
5983
16614
3958
1393
15938
16477
15467
6247
16474
10033
4221
1107
7971
7719
12634
3665
15372
17101
14285
18230
9593
5989
1038
11078
6413
16789
15580
1493
17687
10340
7269
14917
1284
730
7681
12043
2265
11562
8431
11326
6987
51
10285
8342
14482
3675
6758
367
14752
13474
7690
5305
8602
17653
5069
11800
12100
3024
10602
12293
11677
14301
3284
13961
7088
8226
893
17699
10745
12900
9178
19538
6222
674
19957
13749
8093
17291
4280
8960
5850
14096
2377
17485
1000
19940
6225
6535
755
4613
11347
9726
9
14360
16565
19973
16824
18283
4802
19138
18519
12966
15371
16795
19007
19608
13176
10447
8437
8312
2129
15165
13873
428
5861
11318
6453
19044
555
1786
19831
6929
3149
5819
4658
12872
6353
2909
4379
16959
5462
967
5568
1834
17721
733
7362
19617
5059
6853
15653
8117
2877
6522
8015
2907
12947
9096
10831
3790
19749
3670
2994
1785
11492
13833
18859
9432
12538
6690
8137
1394
2862
522
9162
15442
10185
5142
19828
11315
11839
4825
16994
4353
16016
6459
9135
4644
12587
17427
11956
13479
9244
1922
7881
2969
15261
1198
11288
11403
16417
15780
1372
15628
4900
1130
5954
18956
9865
9072
1395
16018
1619
5946
10542
18575
5332
5264
15703
15921
18352
8235
2432
9783
17188
6368
3562
14948
6310
2765
5223
6390
7963
11719
14630
2429
19378
12491
14191
9335
16050
7
12120
11785
2776
11679
8426
9547
19184
18900
15891
1476
5985
1556
9503
19231
6699
11671
16387
1299
15256
3248
16899
12712
16288
13471
11331
7651
16137
6862
19788
3769
16768
11958
1961
406
17783
15860
15491
1766
11048
13672
5747
12103
8053
13762
9884
14083
6366
14657
17005
682
6048
639
6798
7059
8574
11360
9739
15117
15193
13600
18226
12757
13222
16445
5040
15705
2141
15080
10391
1864
4150
9324
6576
6864
11159
18461
14751
55
17904
9040
4906
3920
442
13023
16256
16953
36
1665
11802
12420
11214
3404
10668
6100
13011
15064
11974
3998
1223
5842
1092
3171
3447
9555
5559
3782
13424
4351
12567
7574
3740
17047
5345
3334
8956
18845
6079
114
2940
14546
17240
6986
18539
11981
4877
7425
15329
18608
18126
17348
5085
13170
9755
3262
9603
1341
9702
9828
6064
17071
12106
7625
7291
17479
5094
3664
10707
9885
19941
11836
5799
1505
11043
5718
8064
18885
625
19440
8393
13735
2732
2127
15867
5857
2187
14758
4908
8355
7196
10659
4325
6940
18655
19603
13259
8331
3984
16761
9157
11450
18892
9283
11584
15344
13753
11911
19023
152
18298
14842
8346
12547
15577
7161
4071
11672
8340
8792
10742
745
12696
13354
11931
10735
4136
5592
13076
19350
9954
18898
8932
14964
18493
18399
15146
11267
14
2952
4013
13117
5771
10573
9770
1343
10144
19704
75
4352
14142
17405
1012
17282
13960
7919
17780
4479
11696
15640
11319
4985
8180
339
7674
7999
19918
11687
3722
7286
15464
19623
4186
15497
17015
12026
15652
4867
19980
2125
14158
8977
11447
14551
18660
5081
11855
913
12993
5749
15345
2335
3411
17023
17856
4492
11367
10201
16891
18458
14872
2569
13340
9116
18037
14956
6146
9405
11579
5982
503
6671
13531
9551
16796
9710
19454
7321
10382
5523
17091
4095
19539
5980
15757
842
12344
19578
10029
16345
9321
14205
15454
8088
17448
18768
2860
12505
7116
4746
14256
3023
2390
18112
8770
2134
10068
7128
12912
774
5540
10339
5871
17107
17614
4046
1661
11007
3556
16715
19311
13560
8476
17486
8397
2137
12955
6465
4490
13717
10619
17983
1663
18102
5823
7296
418
5552
5314
16063
16423
12192
1796
11724
18389
3487
172
6199
15102
4595
3458
18695
9243
14494
2378
15157
1654
15621
12738
13171
19339
19036
11731
95
13036
461
19582
19321
13190
19448
1910
9084
3676
10964
1042
9505
9446
9679
3218
5758
14352
15634
1521
9660
64
1750
19084
4268
19038
5439
4122
9583
1102
4604
18183
6686
8959
12316
12201
7986
14857
611
15644
17074
2869
14861
5961
10660
18021
2116
5606
14755
9018
3785
2229
18603
17593
18878
17205
1463
17423
7258
11962
5379
2313
13303
13298
1953
2686
6030
8375
13448
14626
5034
2647
18242
5032
1308
2618
19909
2835
11913
13263
13830
1451
3115
5464
13971
6161
13719
4562
7370
14764
3111
16396
6491
3252
11776
9729
5303
17270
19707
9053
15240
14564
11068
6025
19919
2581
709
4798
2739
10452
17247
7367
17408
1992
13182
12614
4385
7715
18008
8595
12140
17650
17891
19157
649
19354
16876
12931
12429
3902
2288
16311
5321
18287
407
3733
2025
7060
16149
6318
7718
4737
80
4271
7146
9538
17238
9288
1777
13514
558
16352
9514
6974
16765
11085
4640
8132
552
10652
6273
15851
19098
17893
12542
8826
8006
390
4952
2475
15946
13649
16977
16284
1416
14409
19032
11227
13279
4409
8271
8197
6536
1236
19210
6735
18954
15611
8600
13555
8975
4384
13253
16814
11815
11854
2874
8297
13241
5551
17630
9305
9500
19331
6144
19840
256
10476
15624
14199
13697
6838
2169
10252
5152
8501
7180
8025
6960
275
19687
4086
17006
17136
5021
18005
18828
2459
18554
18724
5609
14347
18680
19645
13557
18101
15811
14222
13113
5352
9338
19313
17887
16237
3197
14529
15573
17682
881
9044
4161
17012
15224
658
35
10754
15897
2660
14009
981
5272
7365
14463
16713
10646
16052
2532
7430
18069
14632
2641
3605
18066
5367
12235
2161
9690
7529
6567
8650
787
3356
9573
8659
994
12055
13983
9981
2779
9626
837
3405
13353
14499
4703
1762
15769
13877
6508
3302
1033
1374
11804
9764
6842
283
9663
5657
1793
18348
10051
5509
4827
12830
4188
19286
4633
16090
16088
5678
11019
18998
10874
13167
4143
3208
12637
16787
8360
19550
13031
15518
4320
9098
17909
15359
15271
18463
5393
4953
10049
17552
18767
4416
11343
15174
4875
1441
8948
1939
9214
10995
15281
17199
3953
19117
1975
9155
9477
731
9440
5894
7043
14445
6348
10931
18692
8122
1857
13612
11271
398
3060
6116
8296
13750
9638
17249
19481
17924
16032
2785
1447
435
7579
12764
2298
11961
17974
19190
4881
141
19461
5670
10173
6675
6417
16259
1559
12059
13538
17272
8001
16510
4684
185
4829
19421
1356
8876
6045
19504
7349
7101
16698
14750
5809
68
2291
944
18963
5369
1392
14150
6217
6768
15262
16952
12577
18619
11558
15971
5301
18110
13128
9574
11580
2172
7504
10276
3338
13890
6127
10927
17371
10268
11644
5956
8883
8125
1668
10300
18107
18470
7100
1162
15783
19209
532
6806
525
5770
17269
18593
11674
12958
15082
11254
4612
2767
7913
7878
10042
12208
14827
14345
2809
11060
9992
12729
4184
4731
14395
8335
14791
19047
9379
18030
4107
16543
76
19549
19543
5400
16266
1948
14575
960
8942
5300
10938
4956
7526
2825
7498
18358
437
11959
10980
19601
2413
19105
6071
16067
14155
8376
16513
993
2536
19880
12652
2633
1207
17594
19718
1411
16956
12765
19962
12959
19229
5201
7352
15690
12695
8533
17580
16347
7902
3625
9401
7158
2463
8199
8092
1717
15526
12867
2064
6861
6821
9613
17439
8076
18013
6481
595
13083
8019
13311
4078
10720
18264
10627
11744
8961
14641
9544
9025
17397
10882
9934
12251
17042
13751
2422
8243
11341
8967
5287
2087
12530
7812
3153
7532
2762
18927
13313
8099
7390
17489
9559
10177
1484
16630
13944
11259
4179
9341
13342
3365
14468
7380
6130
3555
14350
11524
3901
2527
4608
337
6349
2897
3192
4032
11720
2092
12146
16457
4298
7218
10264
4125
5343
7155
7563
13609
18596
13012
6000
18146
7973
11699
12895
10540
3101
15822
5387
6547
8909
19516
973
17948
17765
15630
15330
3840
8315
1425
19489
5542
8045
18018
8182
3293
10942
4219
19093
14698
17390
8836
12734
3416
9677
3448
3658
11497
6727
7682
11520
1379
3763
3868
3267
16180
14858
6131
19716
6982
11531
14349
17577
3748
2763
15807
1167
9669
6342
12626
17017
929
11113
449
10840
12911
13229
10409
878
19491
8551
3841
14117
7573
19406
3797
3130
10708
2120
671
9804
12096
6005
18351
17312
17915
3501
2715
923
8672
14389
15170
2139
10493
14472
2889
2262
8733
12190
89
9999
10367
10589
14679
6041
12051
9055
10559
16926
1007
1854
10027
11508
2620
15752
15590
17155
10950
18168
7256
18764
8275
10748
110
823
15853
8545
19846
19903
3063
18481
13835
8980
11781
12602
13841
11889
7248
4158
8591
735
12393
523
6365
19347
4548
11002
3708
16931
6371
630
5410
365
16416
16070
13868
1944
19240
17713
11213
14840
17982
8036
8850
3886
15493
7328
18851
16440
7697
12102
3099
9686
18161
2992
19892
13540
1829
1078
19193
7186
16533
15816
10912
10070
4668
3963
6065
828
17286
12451
9385
15094
9728
12242
16801
15500
1016
12426
3651
7446
10567
12005
13613
17455
11082
9443
14106
3050
12432
14539
1926
1212
17997
12710
10953
2122
4348
16102
9436
9092
3112
8400
5077
9429
14304
9567
11807
16312
14397
14129
5444
10282
19207
6133
2858
14405
19618
17988
10078
1402
19277
19560
448
962
4782
4126
16555
10316
9308
5121
5791
5089
4263
18819
791
19435
333
16605
2623
17120
10615
17573
11020
18683
3583
4752
10248
6572
17125
6507
3176
19278
7587
13849
13262
14456
16378
11012
8550
627
1959
16572
12619
1771
11295
18427
294
4324
9421
17646
8827
18227
14245
19314
15665
7405
1209
19575
5863
8014
1669
13483
5803
18968
119
253
5351
14118
8794
10125
12312
16925
18657
2329
15844
14921
3043
7260
13772
10124
19949
389
2255
18031
3548
1920
10571
7197
18333
267
10314
8477
2103
3955
7654
15972
5268
4965
6414
2562
4946
12773
7058
6152
12526
1214
8150
19838
12723
9535
3525
2096
3905
14168
13563
5800
2627
18960
19267
11128
8234
12802
4111
15211
13308
182
15680
14178
9390
5780
16557
14069
6738
12177
3873
16759
17973
2837
19523
11938
6621
12709
10136
5981
1664
18189
4349
15134
19283
5000
5957
6759
11196
6512
1157
9400
15386
17102
13267
15833
3468
5582
19285
465
493
2200
8239
3866
5012
1720
14614
12148
5228
12377
2579
18157
15882
17457
13209
5836
18034
12363
19981
4267
19881
8936
19508
17714
3261
3363
19993
1862
10663
10261
7386
37
16393
6178
2944
7026
14162
3441
19099
11115
11706
7144
8022
4212
17889
1492
2227
14269
14781
17695
1509
6969
6241
3718
3669
1499
13352
12356
3737
5764
10180
18590
2899
19782
18502
7925
9808
1554
15004
12840
623
4619
16640
14572
4242
11596
19598
14103
3541
7887
6722
12683
5831
16883
17899
17850
19113
6102
4631
9047
15149
2916
7096
148
16058
9837
7106
17633
19702
14046
12374
4010
14186
12023
18144
11723
2859
5502
626
5750
10771
3044
17919
12231
5399
3402
1383
1962
12104
2658
11809
14424
8154
19811
203
5996
12745
18629
3326
14544
6020
3786
5734
6636
6346
1613
5233
12720
4620
11148
19245
3844
4003
14237
16628
17671
17692
9612
4972
14416
1079
16586
12352
15936
8103
13412
10190
3991
4697
11458
2294
13216
4770
18062
19298
15864
18243
2596
556
1179
11775
4027
10873
2901
7466
1941
15047
17684
11609
15568
12496
15558
8603
2385
8900
16094
12774
15276
17962
13671
19869
7703
11684
19976
10492
1889
18685
9805
8635
5492
3121
2720
5056
2955
6701
5993
15660
18999
4089
4091
18812
17086
3537
6902
3620
3624
15106
2781
17273
16410
3968
4190
6311
10413
10532
6628
19738
11841
8502
8732
5
7904
11831
2818
6097
8851
9117
10446
11927
4796
15018
18139
12239
6378
2430
10346
4317
17025
6018
14565
4609
9991
2638
15742
9605
9191
10156
13663
3009
12200
8554
6975
17709
7935
13774
11590
18042
19656
11850
2986
11459
11246
13853
5167
14464
3503
246
4139
3896
16074
3026
706
16552
9139
9925
12493
19817
10832
13239
17318
3483
16264
5907
18678
17926
6383
18151
3386
5878
6989
9569
9207
12625
2076
8772
7581
219
1504
801
9625
1818
14974
15616
14400
19642
15998
3480
13174
18353
1687
3020
6089
6347
14991
236
7242
11895
7067
17750
12633
19692
949
1163
10881
10383
15398
5232
6387
11116
12669
13977
17599
2856
1546
9604
5448
12065
7167
14224
12485
9681
4469
9784
15235
8115
554
19845
12303
19878
15657
13884
13183
11618
6202
4449
10952
5210
919
2196
1436
1282
14242
19009
19786
10220
8176
9522
7717
2207
4420
8782
8630
2963
12663
17969
8130
7782
8890
10994
4699
9857
9041
8806
10891
6026
8513
16201
9831
18942
4761
18326
10613
1396
16657
15291
12927
14075
6984
16818
9445
2838
845
19502
9290
1497
5716
2533
4936
13045
11925
15647
8049
16857
1697
4714
13984
7824
18496
19258
4377
6635
11762
6244
3915
9316
4541
8587
5958
3027
19772
9649
941
3821
18248
1840
17131
19468
11908
9575
2016
18120
13664
19273
13969
10896
2709
18080
11588
14361
11627
9990
3808
16124
9242
7901
2734
9016
12828
15319
14907
4991
1121
777
71
18700
4732
15234
9584
19576
8156
740
18769
930
2741
2924
13811
11180
6775
7671
839
6776
497
10470
18205
4828
18475
557
10473
7611
17246
19661
15925
5412
3388
15144
5046
17026
2614
5394
7810
15403
4747
2019
11586
10083
5064
3064
13879
14376
17366
15069
5495
16960
2590
2287
14036
19145
14736
4483
10241
7147
3551
8811
18558
3428
12960
16503
15489
5353
3863
14797
17606
6847
19120
7565
5984
3084
17744
17146
5652
12015
10902
18624
13415
7199
7023
1984
3916
2156
6725
4722
11998
18455
7917
15886
14401
16905
18188
3229
12291
8537
19731
9202
19431
9286
12117
10183
3108
8517
12455
9346
561
12543
3571
13885
4551
19161
13528
1772
6822
6793
17939
11552
894
13931
12661
6119
3654
3586
12799
15342
8075
5852
18131
10955
1321
9874
13807
11353
19625
7496
18439
14399
14803
16845
15668
19011
4817
1221
15671
11399
8295
14807
2926
14586
6656
17738
922
18777
3
4266
9495
15619
5177
6646
11024
10947
6756
321
19734
12286
14595
8662
16376
15010
15402
2833
914
14990
1018
17946
14146
17382
16435
2013
12080
13034
8729
3372
10871
5083
13898
5729
11727
8460
14246
16250
11654
7113
8216
13604
14074
16659
19684
2344
13700
5235
800
6966
2755
8087
13301
6647
14538
8895
9866
19922
16667
13537
451
14235
6249
2961
10988
7709
3642
13780
11296
1572
3212
224
6305
979
9744
19947
12165
16525
18952
4314
7595
1039
2168
11736
17944
11597
8361
3921
4109
16261
7350
6717
10923
7546
15659
19907
18552
13122
14778
7662
86
17965
10578
3694
11129
12305
3699
15934
6188
12755
9300
5554
1968
9745
234
2247
1842
8310
17458
3300
5325
18347
3876
166
8353
18876
10329
8579
6497
4739
5979
2810
2180
2011
10611
18212
2560
3502
18752
6307
401
7740
7049
1527
1030
12224
17082
6840
17443
18656
11478
4246
7733
16943
94
17532
10818
7998
1705
10489
118
12632
18088
10630
7019
4346
4272
11793
5486
11143
8033
18808
15975
13614
19876
14455
3772
371
11926
6552
15123
6315
11245
12234
16200
16293
14216
13458
17669
14882
16425
10380
982
351
14597
18751
7639
10458
8916
6603
15796
4854
1491
16049
14067
8922
235
13798
19514
8633
15470
15596
12932
6957
2047
15163
8204
14087
5947
7385
5510
9938
9843
7894
16121
13032
13256
2652
16064
9205
18833
11111
8292
5674
13179
4264
17016
14028
5418
12284
3827
9496
11202
751
19620
18887
1908
8553
12082
670
19780
14089
7509
18931
15050
19806
9093
11158
1739
3450
13512
10067
778
17359
573
16862
591
14503
18634
11863
13417
12590
11225
15566
15607
4705
891
15838
18172
3305
331
11358
3211
661
8521
1352
11000
16837
17690
5346
1594
8647
13541
13865
13572
9508
10408
4470
9911
7371
4487
5322
13472
7675
7379
1798
3626
1267
18662
1117
15950
9046
10498
6468
2711
7936
13966
7138
2576
7604
291
13643
3183
5006
6139
10495
6111
19835
15604
2906
2375
14655
6810
12866
19706
8759
15646
19458
13909
905
12388
5816
2206
6148
8408
1243
8636
2988
17758
5571
15422
1377
6639
4912
11968
13808
8114
10318
3894
12230
17417
2504
16186
4391
1734
13008
5692
1171
18774
16639
4310
19124
3781
2485
2721
9241
15083
8787
7302
11945
2369
12737
10932
15233
14703
14050
9558
19467
12691
13991
19604
7312
14356
15687
1244
3488
9005
15699
6476
4073
19785
10737
17
19224
13647
174
7778
16699
1421
3443
14578
17902
8129
5634
9705
4607
2201
883
15808
14560
14922
16219
5368
7007
18870
10752
8127
10414
13297
12227
17605
3490
7309
1296
15116
6991
12133
19326
1147
18750
13109
19365
19735
10478
9704
8627
1405
6931
7475
7599
394
12370
19293
14241
8628
15781
15133
6513
8338
15353
3498
16797
19754
7063
11356
8379
13532
12095
15026
17235
596
11330
9060
12131
562
16855
2464
4404
5723
11222
13950
7015
127
10024
10723
8152
15305
12739
15331
15269
17296
10654
7907
10762
14874
10530
13380
875
8490
6968
1519
5955
19053
8059
19562
15150
4914
4485
12705
15869
14163
13951
2740
19586
7397
16332
7689
18754
966
5882
1869
18133
1514
1064
139
3255
11187
4064
17014
4309
4847
2283
15663
16386
9708
6743
3368
6548
240
9171
6583
2157
18238
18599
136
10763
1362
15900
5751
756
5564
9394
5095
9597
4593
13333
10237
13073
9964
18616
16786
4402
3484
4220
16119
19756
3648
18671
16366
11439
2043
6773
9713
16165
18882
6398
16922
12727
17298
948
2575
3564
19482
9460
9811
16286
3360
412
3862
3078
4211
5604
6724
7768
4937
18827
9935
1707
11169
10406
432
2412
12809
4094
1386
8947
2224
19388
8245
1524
541
7914
17957
14192
19169
1138
19507
14702
12292
1293
8037
5856
705
6379
12329
12452
10690
1259
1701
13829
19130
1252
19340
19106
9980
10163
6587
1653
8800
10876
480
11136
15754
15557
14777
19726
16230
12268
15039
9779
12686
6180
7348
2389
17984
2518
18218
3097
17159
9054
9456
16171
15032
17912
18913
7031
14896
13103
1535
8313
6190
19873
16252
5930
1256
10908
3701
7046
16516
14232
8532
15599
6352
5154
3688
6802
16624
16375
9192
8048
368
12849
2080
14514
16946
3226
14277
16327
4597
5427
1713
1320
16262
17901
18450
5986
1742
16496
14164
1838
3570
663
18922
11432
5140
14270
9570
1103
17212
15091
14695
7742
15763
15348
7453
10141
7601
8451
1536
3474
8198
8813
14299
8598
8564
11876
15008
18867
19559
14187
3032
3323
12172
11370
11942
19325
19624
9106
1921
4692
4333
8626
7588
7903
2325
9578
11402
13029
5507
183
17877
12402
17100
16367
13634
9462
2380
3775
9383
16197
8726
1800
11842
12749
2073
19814
8083
2153
17562
13147
16867
1767
12660
12778
15549
11536
5108
11321
4792
6980
3739
4084
19170
17064
16045
10041
10213
12275
3105
12611
7580
11480
1295
8621
13726
14829
5286
5377
12529
19037
3322
12032
8098
13100
1599
19121
18485
8555
11327
5940
15289
13188
19309
13129
4765
11281
15821
4450
17106
19368
18622
4130
16914
14640
4093
11634
7809
13633
4749
13305
3232
4934
18115
13318
820
16924
2142
5317
12033
18162
17096
10137
2736
14288
5740
12934
11972
11442
9022
16963
8705
18073
8597
14365
8638
15250
3660
17693
342
16113
10962
16364
8958
6490
1201
16596
11752
19412
17075
3432
16886
3849
6082
10321
2188
19174
14769
17852
10715
12546
2397
207
7075
7805
11189
7687
6317
17232
13985
14267
3384
16047
5603
2904
9343
2495
484
18901
10616
9871
13784
906
704
1205
1089
3324
2293
11499
8259
16684
7787
3318
12259
18947
9422
1858
12157
13071
14327
6303
3310
7061
16612
13150
5910
49
10484
8276
6423
1571
10915
3455
6772
18912
7530
527
19181
6874
14206
15159
2753
5602
5555
7672
6544
19150
11860
16629
13218
1942
18444
12277
7760
11243
2107
3831
16878
7001
1660
10710
5899
18883
17958
15564
346
15958
1897
11390
13486
13401
4988
13682
11709
9219
17640
17625
9974
4209
10768
10970
11835
18734
18591
2563
8714
9939
15432
11960
4711
10583
14040
12110
10245
8868
16359
10689
15798
15309
19506
1128
15656
2032
12517
1751
8938
14474
15755
16360
10680
2393
654
17494
18017
16433
18780
18936
4145
1181
6332
13418
6794
10721
7721
4569
19280
3804
11017
15089
17991
17585
6408
14522
10695
6437
5425
5702
2487
3071
19220
14790
9565
4293
6662
3672
14038
8528
5864
1472
2921
3839
1570
19352
11592
5776
17634
827
18108
2671
18766
4865
7278
11464
1503
13149
6281
17078
18804
3249
14322
11398
6990
10012
13061
14580
2764
19659
11849
4942
176
836
16069
3793
11665
9318
12188
4763
3657
10486
16697
8740
19567
10259
485
3768
11636
14236
15257
18566
10592
3631
10787
9891
12174
14229
17803
19710
1309
10257
1056
18433
12
18401
4159
9498
8435
13152
15722
1317
8010
12884
11465
3870
9793
8424
17301
14754
7536
1136
10405
6866
9265
18092
14489
7080
17922
4874
7941
18184
18195
7688
4696
7702
18650
10464
3608
7627
16168
16775
15448
17908
4048
1021
14816
13968
9181
12888
11824
15338
10959
17808
10808
1118
998
2585
11751
3696
315
12427
9212
3871
3407
15655
15288
835
13684
5105
4753
7989
16593
10298
16817
6046
16681
10814
7263
2701
19686
9313
18061
10930
15881
9895
1891
8427
17040
5644
6501
9775
17471
14091
7597
14520
24
6619
3847
3750
15107
11708
16138
6620
17536
4530
15532
18084
8691
14688
7766
12771
7163
18214
636
4358
17236
11737
1304
4667
15145
19002
10358
8196
11092
11991
18072
2315
8712
16694
15747
19984
5987
3040
14306
18257
4713
3169
14276
9136
3728
13594
16649
14534
8227
675
1254
2437
10494
208
16096
3102
7706
17053
18241
9656
3177
4905
6811
1677
8467
9082
14337
19662
7092
6682
10
19228
15603
309
13620
10743
12763
5535
2832
2219
14324
1500
1915
6865
7373
1230
19943
5128
16374
16988
12724
18716
18050
12024
8021
12218
1062
1158
19088
60
8039
16712
17473
14114
2628
10730
14354
14077
16424
12050
10006
5822
14032
9156
15635
10420
11875
8590
16658
5018
15357
7467
19536
17859
17418
18006
10562
3794
4706
12159
8486
10773
5423
16742
10577
16728
6609
4054
14684
10462
12551
19042
2621
18411
10741
11199
11952
5843
5236
16638
16568
13691
2602
5626
5240
12548
1156
18689
5739
15352
10212
14627
5096
10678
1672
8173
1292
1342
16938
4313
1658
10115
6302
8880
5969
15629
7323
10570
12306
11289
8230
12266
17516
4945
6667
16415
9017
9222
12971
3238
16992
4531
635
1413
586
10104
3017
6268
2737
361
13351
8094
2151
13468
10485
13742
9186
17501
8209
18405
13080
11372
11325
12640
5275
19796
8225
17570
1347
3723
4520
2866
8079
4589
567
9058
14860
11761
7331
19776
18262
14747
19537
4871
5295
15586
14060
18746
1867
6469
19758
882
9864
858
3075
13645
229
5944
13138
13482
7363
19189
19329
6218
10060
1001
18610
16879
4147
15664
13027
3791
563
1192
4128
19433
12354
9172
15048
2244
10416
11049
12408
15492
2270
2326
14264
4338
14423
2334
4868
19857
16691
8061
16265
13576
232
11698
10236
11901
7472
18907
12718
5597
2365
4123
18723
15216
14599
18059
7790
7538
3233
3294
6023
8290
11837
15910
13856
7406
19809
598
9595
3951
13180
16057
18758
16466
5655
3266
2042
14297
15469
14432
12223
18016
18316
12815
8084
3753
12647
1169
16935
14234
16188
13044
5215
15487
19844
17253
13299
17644
10956
10593
4155
5877
17000
9564
9592
4779
18670
18735
10865
15825
8382
2996
3731
1526
1070
9412
3558
10077
12748
15818
4476
5847
15651
5392
6559
16830
14165
17651
1740
19456
7119
18385
2844
10734
4915
6475
6589
8739
1960
6631
19717
19004
16488
15209
8641
7187
9312
10053
7414
15156
9955
4598
5686
18003
14926
11500
10116
15137
18497
12014
17497
13624
9923
2232
6138
15419
18805
18712
14786
5162
16859
2649
16136
19732
14731
9665
16909
6142
2094
12589
2886
3270
13840
2450
4539
16908
4819
8017
15168
13265
3607
9359
9150
3592
12836
10872
6204
12028
4239
18837
491
14532
15887
39
11544
9088
7131
4514
3159
6949
9859
5208
10544
8615
1718
17603
15128
6171
19495
18832
8885
4207
12784
17816
742
609
3008
15236
58
7310
18555
9105
3221
7461
18182
8428
15126
8744
11935
12581
3289
5731
15788
16478
19449
6033
12433
15565
14130
10422
3143
8927
11472
12817
14967
15231
17037
18077
19400
4241
9615
12353
159
15003
8724
11648
3975
12762
13281
707
17072
18453
19534
2215
15524
6461
18601
2975
3971
8254
6003
7142
19978
6972
14112
18728
16254
8543
15477
19323
8314
10315
6323
4177
15501
14170
11084
12777
13652
15472
1028
19320
6719
963
12568
2362
8350
1807
12327
8200
18863
18106
2371
7338
14931
4816
15460
8535
10921
5206
7448
19693
16538
11163
19977
8456
11363
19818
13828
10591
14255
4292
6335
3137
15957
16979
7156
2417
16314
14761
5482
4305
8856
19725
12978
19728
16530
4178
4364
151
5291
17715
11877
17533
18979
12592
1907
2515
1789
14621
132
2414
9963
6611
10641
18602
10179
13227
18879
3462
6744
16825
4632
3440
2401
7531
10310
10645
5693
14998
14526
2745
14798
1325
6211
63
13248
15007
2044
5197
29
1487
5049
11546
257
2068
15214
7521
10877
11594
8780
14581
17500
6855
634
16015
124
3848
3067
17215
16010
7700
12079
8708
13945
18500
2540
17569
6432
11902
5548
4831
316
7997
14042
1188
4522
16093
2451
13300
1828
6613
5134
4495
19722
5521
8212
9946
951
10036
15310
8667
7232
11556
14518
2071
7792
14251
8123
13478
1964
13921
2449
12699
5452
11386
18301
15519
7507
6263
12078
13523
12247
19054
14093
19462
14059
15313
13660
10686
3644
16664
8736
425
7050
5413
19003
9004
14167
6948
12571
804
11272
8743
3982
6777
12654
6896
7616
329
17979
9201
9143
18710
215
494
4681
14004
15889
13864
9738
15892
14005
10294
4557
15969
14735
7896
2723
12607
744
14311
14161
17851
7237
11384
13019
12092
14003
16095
9786
19529
2382
3987
1832
11583
5226
16507
18569
14366
10661
9851
4648
16223
6693
4690
8203
12435
628
4051
12961
11473
6215
8818
16213
1464
142
17361
12414
7068
2727
5421
15534
566
17187
5001
19556
19018
5440
1676
8446
15237
9542
8660
6967
11939
2878
3628
4967
19488
7590
16619
19938
11430
18378
16757
1987
18530
11323
13322
11088
17976
18627
3712
8510
6555
8610
5884
7779
12857
6324
6658
10558
8206
2898
15980
6760
17629
18966
6588
11310
15183
18618
10811
1783
17306
3668
8803
14136
11755
5100
5870
12957
14291
17844
404
4893
9459
15848
3698
2031
5574
13631
19737
622
6860
6770
4565
652
7411
2301
7585
17910
137
19932
4717
17840
16583
17898
6250
18175
4367
10799
19959
10304
9696
10582
2039
3877
4804
13446
15186
910
21
2030
11065
14970
19762
6334
17110
11452
9134
9607
5190
14013
4882
9268
2881
15127
10852
10692
9642
16544
9689
10370
2040
847
12089
9904
4174
19295
12149
11693
10035
9986
12956
9510
10904
9442
9773
17675
4678
1184
1364
2455
7876
10594
17509
6718
15323
3445
1634
19593
5402
5395
16079
9749
1704
4616
11435
14726
7982
14298
5068
17123
18577
16942
4502
4414
14552
15968
16012
9994
6882
14824
5184
10448
14666
15258
1262
10803
4375
5896
7945
1185
5828
4581
17827
1010
1053
6832
7494
12816
5977
13144
2805
11165
9453
4473
16734
5698
1227
6319
2135
3035
